#lon lat val
67.3793 64.4738 NaN
79.8384 63.2464 NaN
89.6734 62.5938 NaN
98.4802 62.275 NaN
106.933 62.2171 NaN
115.509 62.4087 NaN
124.748 62.8894 NaN
135.639 63.7937 NaN
151.743 65.6865 NaN

40.7023 57.7138 NaN
60.3399 55.3452 NaN
70.9691 54.3107 NaN
79.3894 53.6596 NaN
86.755 53.2295 NaN
93.5432 52.9578 NaN
100.023 52.8151 NaN
106.383 52.7885 NaN
112.786 52.8758 NaN
119.402 53.0844 NaN
126.454 53.4349 NaN
134.296 53.9707 NaN
143.651 54.7916 NaN
156.862 56.2287 NaN

48.9423 49.1802 NaN
61.1641 47.9468 NaN
69.8649 47.2066 NaN
77.1153 46.6959 NaN
83.568 46.3318 NaN
89.5363 46.0764 NaN
95.2061 45.9096 NaN
100.706 45.8204 NaN
106.138 45.8037 NaN
111.594 45.8584 NaN
117.17 45.9878 NaN
122.98 46.1997 NaN
129.176 46.5094 NaN
135.999 46.9447 NaN
143.896 47.5614 NaN
153.976 48.5013 NaN
173.206 50.638 NaN

48.6928 42.9527 NaN
59.5563 41.9713 NaN
67.5812 41.3469 NaN
74.3299 40.9004 NaN
80.3444 40.5695 NaN
85.8929 40.3244 NaN
91.1355 40.1485 NaN
96.1806 40.0319 NaN
101.11 39.9692 NaN
105.993 39.9573 NaN
110.892 39.996 NaN
115.874 40.0867 NaN
121.012 40.2338 NaN
126.401 40.4449 NaN
132.172 40.7327 NaN
138.531 41.1198 NaN
145.857 41.6492 NaN
155.038 42.423 NaN
170.123 43.9005 NaN

45.9292 37.6622 NaN
56.7813 36.767 NaN
64.6617 36.1992 NaN
71.2353 35.7888 NaN
77.0562 35.4789 NaN
82.3931 35.2422 NaN
87.4031 35.0635 NaN
92.1898 34.9338 NaN
96.8289 34.8471 NaN
101.38 34.8003 NaN
105.896 34.7914 NaN
110.424 34.8203 NaN
115.015 34.8879 NaN
119.724 34.9969 NaN
124.619 35.1516 NaN
129.786 35.3596 NaN
135.355 35.6327 NaN
141.53 35.9912 NaN
148.694 36.4745 NaN
157.77 37.1773 NaN
173.469 38.5748 NaN

41.0313 32.9684 NaN
53.0666 32.0572 NaN
61.2082 31.5143 NaN
67.8438 31.1257 NaN
73.6427 30.8308 NaN
78.9088 30.602 NaN
83.8125 30.4244 NaN
88.4627 30.2889 NaN
92.9358 30.1897 NaN
97.29 30.1232 NaN
101.573 30.0871 NaN
105.827 30.0803 NaN
110.091 30.1025 NaN
114.406 30.1545 NaN
118.817 30.238 NaN
123.376 30.3559 26.9156
128.149 30.5128 NaN
133.228 30.7161 NaN
138.75 30.9775 27.9429
144.94 31.3174 NaN
152.245 31.7761 NaN
161.854 32.461 NaN

31.3794 28.8698 NaN
48.2392 27.6958 NaN
57.1534 27.1502 NaN
64.094 26.7737 NaN
70.0277 26.4904 NaN
75.3418 26.2697 NaN
80.2392 26.0958 NaN
84.8437 25.9594 NaN
89.2385 25.8545 NaN
93.4849 25.7775 NaN
97.6305 25.7256 NaN
101.715 25.6975 NaN
105.775 25.6921 NaN
109.844 25.7095 NaN
113.957 25.7501 NaN
118.15 25.8151 NaN
122.469 25.9064 29.2485
126.966 26.0274 29.732
131.713 26.1828 28.9903
136.812 26.38 27.6607
142.422 26.6313 28.7913
148.821 26.9586 28.5458
156.608 27.4091 NaN
167.769 28.1376 NaN

41.5246 23.6118 NaN
52.272 23.0164 NaN
59.8593 22.6421 24.9063
66.1117 22.368 NaN
71.5973 22.1561 NaN
76.5833 21.9883 NaN
81.222 21.8548 NaN
85.611 21.7494 NaN
89.8189 21.668 23.8731
93.8972 21.608 NaN
97.8868 21.5675 NaN
101.823 21.5455 NaN
105.737 21.5413 NaN
109.659 21.5549 NaN
113.619 21.5866 29.4688
117.651 21.6373 29.4161
121.792 21.7084 30.4782
126.089 21.8021 29.8386
130.6 21.9218 31.2376
135.408 22.0725 29.6559
140.635 22.262 27.0672
146.482 22.5039 NaN
153.335 22.8239 NaN
162.165 23.287 NaN
179.346 24.3091 NaN

25.7664 20.0627 NaN
46.0064 19.0547 NaN
54.9069 18.6658 NaN
61.7507 18.3985 25.6603
67.5646 18.1964 NaN
72.7466 18.0374 NaN
77.5022 17.9104 NaN
81.9546 17.8086 NaN
86.1861 17.7278 28.5179
90.2554 17.6652 NaN
94.208 17.619 NaN
98.0803 17.5877 NaN
101.904 17.5707 NaN
105.708 17.5675 NaN
109.518 17.578 NaN
113.364 17.6025 NaN
117.275 17.6416 NaN
121.284 17.6963 NaN
125.433 17.7682 30.9382
129.773 17.8597 NaN
134.374 17.9742 28.9512
139.336 18.1171 29.5455
144.82 18.2971 NaN
151.108 18.5298 NaN
158.827 18.8499 NaN
170.175 19.3769 NaN

36.3177 15.2587 NaN
48.7503 14.7947 NaN
56.7086 14.5295 24.7592
63.0915 14.3389 NaN
68.6133 14.1921 NaN
73.5853 14.0753 NaN
78.1775 13.9814 NaN
82.4958 13.9058 NaN
86.6123 13.8455 NaN
90.5798 13.7988 NaN
94.4393 13.7642 NaN
98.2246 13.7408 NaN
101.965 13.728 NaN
105.686 13.7256 NaN
109.414 13.7335 NaN
113.174 13.7518 29.0175
116.995 13.7811 NaN
120.907 13.822 28.6252
124.948 13.8757 30.0605
129.164 13.9438 NaN
133.617 14.0287 NaN
138.394 14.134 NaN
143.63 14.2655 NaN
149.554 14.4332 NaN
156.632 14.6573 NaN
166.186 14.9948 NaN

39.9373 10.996 NaN
50.5202 10.7148 NaN
57.9342 10.5382 NaN
64.0231 10.4081 26.5417
69.3503 10.3066 NaN
74.179 10.2254 NaN
78.6579 10.1597 NaN
82.882 10.1067 NaN
86.9173 10.0644 NaN
90.8123 10.0315 NaN
94.6054 10.0071 NaN
98.3282 9.99061 NaN
102.008 9.9816 NaN
105.67 9.9799 NaN
109.339 9.98546 28.5839
113.038 9.9984 NaN
116.794 10.019 NaN
120.637 10.0478 NaN
124.601 10.0856 NaN
128.73 10.1334 NaN
133.079 10.1928 NaN
137.729 10.2663 NaN
142.798 10.3575 NaN
148.484 10.4727 NaN
155.169 10.6241 NaN
163.823 10.8424 NaN
181.476 11.3455 NaN

41.8998 6.90934 NaN
51.6192 6.7484 24.2231
58.7174 6.64281 NaN
64.6261 6.56394 NaN
69.831 6.50199 NaN
74.5679 6.45218 26.8723
78.9736 6.41179 NaN
83.1365 6.37912 29.8046
87.1185 6.353 NaN
90.9659 6.33268 NaN
94.7152 6.31759 NaN
98.3967 6.30738 NaN
102.037 6.30181 NaN
105.66 6.30076 NaN
109.289 6.3042 NaN
112.948 6.31221 NaN
116.662 6.32496 NaN
120.459 6.34277 NaN
124.373 6.36608 NaN
128.444 6.39556 NaN
132.726 6.43215 NaN
137.294 6.47726 29.5891
142.258 6.53307 NaN
147.796 6.60319 NaN
154.245 6.69442 NaN
162.41 6.82293 NaN
176.158 7.0652 NaN

42.8625 2.91266 NaN
52.19 2.84785 24.2505
59.1305 2.80448 NaN
64.9464 2.77187 29.0569
70.0873 2.74615 28.658
74.7759 2.72543 28.9021
79.1427 2.70861 NaN
83.273 2.69498 NaN
87.2266 2.68408 NaN
91.0485 2.67559 NaN
94.7743 2.66929 NaN
98.4336 2.66502 NaN
102.052 2.6627 NaN
105.654 2.66226 NaN
109.262 2.66369 NaN
112.899 2.66704 NaN
116.59 2.67237 NaN
120.363 2.67981 NaN
124.25 2.68954 NaN
128.291 2.70184 NaN
132.538 2.71709 NaN
137.062 2.73587 NaN
141.97 2.75906 NaN
147.431 2.78812 25.8406
153.761 2.82573 NaN
161.69 2.87813 NaN
174.314 2.9713 NaN

43.0375 -1.04919 NaN
52.2959 -1.02603 NaN
59.2076 -1.01049 NaN
65.0064 -0.998781 28.2808
70.1354 -0.989545 NaN
74.8149 -0.982101 29.6986
79.1745 -0.976053 28.1782
83.2986 -0.971154 NaN
87.2469 -0.967236 NaN
91.064 -0.964184 NaN
94.7854 -0.961918 NaN
98.4405 -0.960384 NaN
102.055 -0.959547 NaN
105.653 -0.959388 28.3546
109.257 -0.959905 NaN
112.89 -0.961108 NaN
116.577 -0.963025 NaN
120.345 -0.965699 NaN
124.227 -0.969198 NaN
128.262 -0.973619 NaN
132.502 -0.979102 NaN
137.019 -0.985852 NaN
141.916 -0.994183 NaN
147.363 -1.00462 NaN
153.671 -1.01811 NaN
161.557 -1.03687 NaN
174.002 -1.06991 NaN

42.4584 -5.0234 NaN
51.948 -4.90945 NaN
58.9549 -4.83383 NaN
64.8101 -4.77711 NaN
69.9781 -4.73247 NaN
74.6872 -4.69653 NaN
79.0706 -4.66736 NaN
83.2147 -4.64375 29.4312
87.1804 -4.62487 NaN
91.0132 -4.61018 NaN
94.7491 -4.59927 NaN
98.4178 -4.59188 NaN
102.046 -4.58785 NaN
105.657 -4.58709 NaN
109.273 -4.58957 NaN
112.92 -4.59537 27.9359
116.621 -4.60459 NaN
120.404 -4.61747 NaN
124.302 -4.63433 NaN
128.356 -4.65563 NaN
132.618 -4.68207 NaN
137.161 -4.71463 NaN
142.092 -4.75488 NaN
147.587 -4.80536 NaN
153.967 -4.87084 NaN
161.994 -4.96249 NaN
175.059 -5.12925 NaN

41.009 -9.05983 NaN
51.1092 -8.83967 21.5646
58.3519 -8.69795 NaN
64.344 -8.59278 NaN
69.6058 -8.51044 21.5224
74.3855 -8.44438 NaN
78.8254 -8.39088 24.0765
83.017 -8.34764 27.6743
87.024 -8.3131 27.7826
90.8937 -8.28623 NaN
94.6636 -8.2663 NaN
98.3645 -8.25281 NaN
102.023 -8.24546 24.3177
105.665 -8.24406 26.0233
109.312 -8.24861 25.3896
112.99 -8.25918 NaN
116.724 -8.27604 27.4577
120.543 -8.29957 NaN
124.48 -8.33039 NaN
128.578 -8.36939 26.0455
132.892 -8.41783 25.716
137.498 -8.47763 24.9353
142.511 -8.55173 NaN
148.118 -8.64507 NaN
154.676 -8.76705 NaN
163.061 -8.94071 NaN
178.156 -9.29175 NaN

38.308 -13.225 NaN
49.6795 -12.8595 NaN
57.3463 -12.6388 NaN
63.5744 -12.4782 24.0685
68.9945 -12.3536 21.5858
73.8919 -12.2542 22.6856
78.4254 -12.174 NaN
82.6949 -12.1094 18.6064
86.7695 -12.0579 NaN
90.6996 -12.0178 NaN
94.5249 -11.9881 NaN
98.2779 -11.9681 25.6028
101.987 -11.9571 26.3852
105.678 -11.955 24.6052
109.375 -11.9618 25.4922
113.104 -11.9775 NaN
116.892 -12.0026 26.4158
120.768 -12.0377 27.3333
124.769 -12.0836 NaN
128.94 -12.1419 NaN
133.339 -12.2144 NaN
138.05 -12.3042 NaN
143.199 -12.416 NaN
148.999 -12.5578 NaN
155.868 -12.7456 NaN
164.93 -13.0219 NaN

32.9397 -17.6559 NaN
47.4481 -17.0245 NaN
55.8377 -16.6999 NaN
62.439 -16.4714 NaN
68.1011 -16.2968 22.7469
73.1747 -16.1587 23.269
77.8464 -16.048 NaN
82.2302 -15.959 NaN
86.4029 -15.8883 NaN
90.4204 -15.8335 24.8616
94.3256 -15.7929 NaN
98.1536 -15.7655 NaN
101.935 -15.7505 NaN
105.696 -15.7477 20.6419
109.465 -15.7569 NaN
113.268 -15.7784 25.5574
117.132 -15.8127 25.5711
121.092 -15.8607 26.0642
125.186 -15.9237 NaN
129.463 -16.0037 NaN
133.988 -16.1037 NaN
138.855 -16.228 25.003
144.21 -16.3839 NaN
150.308 -16.584 24.975
157.686 -16.8551 NaN
168.016 -17.2793 NaN

43.9381 -21.4213 NaN
53.6389 -20.9392 NaN
60.8296 -20.6204 22.0759
66.853 -20.3828 NaN
72.1818 -20.1975 21.6516
77.0496 -20.0501 NaN
81.5932 -19.9323 NaN
85.9021 -19.8391 21.1054
90.0397 -19.767 NaN
94.0543 -19.7138 NaN
97.9846 -19.6779 NaN
101.864 -19.6583 NaN
105.722 -19.6546 NaN
109.588 -19.6667 NaN
113.49 -19.6948 22.5036
117.461 -19.7398 24.1706
121.535 -19.8028 NaN
125.757 -19.8857 NaN
130.181 -19.9914 NaN
134.883 -20.1241 NaN
139.973 -20.2903 NaN
145.632 -20.5009 NaN
152.187 -20.7762 24.3897
160.412 -21.1636 23.6644
173.669 -21.8659 NaN

37.6408 -26.2397 NaN
50.3696 -25.4449 NaN
58.5517 -24.9918 NaN
65.1271 -24.6686 19.5704
70.8274 -24.4218 NaN
75.9723 -24.2279 19.2157
80.7373 -24.0744 20.2105
85.232 -23.9535 NaN
89.5319 -23.8604 20.0959
93.6931 -23.7919 NaN
97.7599 -23.7457 NaN
101.77 -23.7206 NaN
105.756 -23.7158 NaN
109.75 -23.7313 NaN
113.786 -23.7675 NaN
117.898 -23.8253 NaN
122.127 -23.9065 NaN
126.522 -24.0138 NaN
131.149 -24.1513 NaN
136.098 -24.325 NaN
141.509 -24.5449 NaN
147.618 -24.8281 NaN
154.902 -25.2097 NaN
164.71 -25.7878 NaN

45.0658 -30.3838 NaN
55.2194 -29.6887 19.9055
62.7019 -29.2358 NaN
68.9646 -28.9026 16.0097
74.5104 -28.646 18.2226
79.586 -28.4454 NaN
84.3362 -28.2888 NaN
88.8561 -28.1689 NaN
93.214 -28.0809 NaN
97.4624 -28.0218 NaN
101.645 -27.9897 NaN
105.801 -27.9836 NaN
109.966 -28.0034 NaN
114.178 -28.0496 NaN
118.479 -28.1237 NaN
122.915 -28.2282 NaN
127.547 -28.3668 NaN
132.456 -28.5457 NaN
137.758 -28.774 NaN
143.643 -29.0677 NaN
150.46 -29.4565 NaN
159.034 -30.0105 NaN
173.126 -31.044 NaN

32.1793 -36.422 NaN
49.8878 -34.9058 NaN
59.1268 -34.2175 NaN
66.3199 -33.7479 NaN
72.4789 -33.3991 NaN
78.0082 -33.1318 NaN
83.12 -32.9258 NaN
87.9444 -32.7695 NaN
92.5703 -32.6555 NaN
97.0639 -32.5792 NaN
101.478 -32.5378 14.5125
105.861 -32.53 NaN
110.254 -32.5555 NaN
114.705 -32.6151 NaN
119.261 -32.7109 NaN
123.983 -32.8467 NaN
128.947 -33.0282 NaN
134.26 -33.2648 NaN
140.088 -33.572 NaN
146.723 -33.9778 NaN
154.792 -34.5432 NaN
166.381 -35.4688 NaN

38.2849 -41.2757 NaN
53.2475 -39.8777 NaN
62.3016 -39.1451 NaN
69.5107 -38.6408 NaN
75.7554 -38.2687 9.29234
81.4093 -37.9884 NaN
86.6748 -37.7786 NaN
91.68 -37.627 NaN
96.5149 -37.5262 10.2276
101.249 -37.4717 NaN
105.943 -37.4615 NaN
110.651 -37.495 NaN
115.431 -37.5736 NaN
120.346 -37.7006 NaN
125.477 -37.8819 NaN
130.928 -38.1271 NaN
136.863 -38.4526 11.9411
143.554 -38.8876 NaN
151.565 -39.4938 14.2403
162.588 -40.4549 NaN

38.9722 -47.1976 NaN
55.1936 -45.51 NaN
64.7179 -44.666 NaN
72.2802 -44.0979 NaN
78.8405 -43.6888 NaN
84.801 -43.3907 NaN
90.3805 -43.1788 NaN
95.7191 -43.0393 NaN
100.919 -42.9645 NaN
106.062 -42.9504 NaN
111.225 -42.9964 NaN
116.487 -43.1048 NaN
121.939 -43.2814 NaN
127.699 -43.5367 NaN
133.943 -43.8895 NaN
140.964 -44.3744 NaN
149.373 -45.0652 NaN
161.046 -46.1895 NaN

54.7615 -52.2856 NaN
65.9675 -51.1645 NaN
74.4584 -50.465 NaN
81.7166 -49.9875 NaN
88.2875 -49.6601 NaN
94.4539 -49.4492 NaN
100.396 -49.3372 NaN
106.249 -49.3163 NaN
112.134 -49.3849 NaN
118.176 -49.5478 NaN
124.53 -49.8175 NaN
131.419 -50.2187 NaN
139.233 -50.8006 NaN
148.841 -51.6803 NaN
163.749 -53.3269 NaN

42.4249 -62.43 NaN
63.9605 -59.696 NaN
75.1828 -58.5978 NaN
84.116 -57.9432 NaN
92.0139 -57.5481 NaN
99.4041 -57.3452 NaN
106.604 -57.3077 NaN
113.871 -57.4311 NaN
121.483 -57.7306 NaN
129.839 -58.2507 NaN
139.729 -59.102 NaN
153.724 -60.6694 NaN

82.317 -71.288 NaN
95.8922 -70.3632 NaN
107.839 -70.2125 NaN
120.302 -70.7289 NaN
136.756 -72.3967 NaN

