0 690 690
1 1020 1020
2 970 970
3 906 906
4 804 804
5 692 692
6 558 558
7 410 410
8 246 246
9 102 102
0 692 692
1 1017 1017
2 971 971
3 900 900
4 811 811
5 693 693
6 558 558
7 407 407
8 247 247
9 111 111
0 1039 1039
1 1531 1531
2 1458 1458
3 1355 1355
4 1211 1211
5 1041 1041
6 834 834
7 611 611
8 369 369
9 166 166
0 1046 1046
1 1539 1539
2 1465 1465
3 1354 1354
4 1208 1208
5 1038 1038
6 832 832
7 612 612
8 372 372
9 172 172
0 1044 1044
1 1540 1540
2 1467 1467
3 1358 1358
4 1203 1203
5 1036 1036
6 830 830
7 616 616
8 371 371
9 169 169
0 1048 1048
1 1540 1540
2 1466 1466
3 1351 1351
4 1205 1205
5 1032 1032
6 833 833
7 614 614
8 375 375
9 170 170
0 1045 1045
1 1536 1536
2 1463 1463
3 1351 1351
4 1209 1209
5 1032 1032
6 832 832
7 610 610
8 373 373
9 169 169
0 1049 1049
1 1540 1540
2 1463 1463
3 1351 1351
4 1208 1208
5 1032 1032
6 834 834
7 610 610
8 375 375
9 167 167
0 1047 1047
1 1539 1539
2 1465 1465
3 1355 1355
4 1209 1209
5 1033 1033
6 833 833
7 611 611
8 374 374
9 167 167
0 1047 1047
1 1539 1539
2 1464 1464
3 1354 1354
4 1209 1209
5 1034 1034
6 834 834
7 610 610
8 372 372
9 165 165
0 1047 1047
1 1539 1539
2 1463 1463
3 1353 1353
4 1209 1209
5 1036 1036
6 834 834
7 611 611
8 373 373
9 168 168
0 1048 1048
1 1540 1540
2 1463 1463
3 1351 1351
4 1207 1207
5 1035 1035
6 834 834
7 612 612
8 373 373
9 168 168
0 1048 1048
1 1539 1539
2 1464 1464
3 1351 1351
4 1210 1210
5 1038 1038
6 838 838
7 617 617
8 379 379
9 173 173
0 1046 1046
1 1535 1535
2 1457 1457
3 1342 1342
4 1203 1203
5 1036 1036
6 842 842
7 619 619
8 378 378
9 170 170
0 1047 1047
1 1537 1537
2 1462 1462
3 1352 1352
4 1209 1209
5 1035 1035
6 833 833
7 612 612
8 372 372
9 167 167
0 1045 1045
1 1536 1536
2 1462 1462
3 1353 1353
4 1206 1206
5 1031 1031
6 830 830
7 609 609
8 369 369
9 163 163
0 1049 1049
1 1543 1543
2 1470 1470
3 1362 1362
4 1213 1213
5 1032 1032
6 825 825
7 604 604
8 368 368
9 165 165
0 1047 1047
1 1540 1540
2 1464 1464
3 1352 1352
4 1207 1207
5 1033 1033
6 832 832
7 611 611
8 374 374
9 169 169
0 1048 1048
1 1540 1540
2 1463 1463
3 1352 1352
4 1209 1209
5 1036 1036
6 832 832
7 611 611
8 375 375
9 172 172
0 1045 1045
1 1537 1537
2 1463 1463
3 1354 1354
4 1211 1211
5 1037 1037
6 832 832
7 609 609
8 372 372
9 169 169
0 1046 1046
1 1538 1538
2 1463 1463
3 1353 1353
4 1211 1211
5 1037 1037
6 835 835
7 611 611
8 373 373
9 168 168
0 1047 1047
1 1538 1538
2 1463 1463
3 1352 1352
4 1209 1209
5 1035 1035
6 836 836
7 613 613
8 372 372
9 165 165
0 1046 1046
1 1538 1538
2 1462 1462
3 1353 1353
4 1207 1207
5 1033 1033
6 834 834
7 615 615
8 375 375
9 168 168
0 1045 1045
1 1537 1537
2 1465 1465
3 1354 1354
4 1208 1208
5 1032 1032
6 835 835
7 613 613
8 373 373
9 166 166
0 1045 1045
1 1537 1537
2 1462 1462
3 1353 1353
4 1209 1209
5 1035 1035
6 833 833
7 610 610
8 372 372
9 168 168
0 1047 1047
1 1539 1539
2 1464 1464
3 1350 1350
4 1206 1206
5 1031 1031
6 835 835
7 613 613
8 376 376
9 169 169
0 1050 1050
1 1543 1543
2 1459 1459
3 1352 1352
4 1207 1207
5 1033 1033
6 831 831
7 610 610
8 375 375
9 169 169
0 1052 1052
1 1543 1543
2 1462 1462
3 1351 1351
4 1207 1207
5 1031 1031
6 833 833
7 612 612
8 375 375
9 168 168
0 1051 1051
1 1541 1541
2 1462 1462
3 1351 1351
4 1210 1210
5 1033 1033
6 832 832
7 608 608
8 371 371
9 166 166
0 1049 1049
1 1538 1538
2 1465 1465
3 1350 1350
4 1210 1210
5 1033 1033
6 833 833
7 610 610
8 373 373
9 169 169
0 1050 1050
1 1543 1543
2 1466 1466
3 1349 1349
4 1203 1203
5 1030 1030
6 832 832
7 613 613
8 379 379
9 174 174
0 1050 1050
1 1542 1542
2 1466 1466
3 1355 1355
4 1211 1211
5 1036 1036
6 835 835
7 612 612
8 375 375
9 169 169
0 1047 1047
1 1538 1538
2 1464 1464
3 1352 1352
4 1208 1208
5 1034 1034
6 835 835
7 612 612
8 374 374
9 168 168
0 1043 1043
1 1532 1532
2 1463 1463
3 1355 1355
4 1214 1214
5 1035 1035
6 835 835
7 610 610
8 368 368
9 162 162
0 1045 1045
1 1535 1535
2 1461 1461
3 1347 1347
4 1202 1202
5 1029 1029
6 830 830
7 610 610
8 372 372
9 167 167
0 1046 1046
1 1537 1537
2 1462 1462
3 1353 1353
4 1209 1209
5 1035 1035
6 832 832
7 612 612
8 374 374
9 169 169
0 1048 1048
1 1540 1540
2 1465 1465
3 1352 1352
4 1207 1207
5 1034 1034
6 832 832
7 612 612
8 373 373
9 168 168
0 1045 1045
1 1537 1537
2 1464 1464
3 1354 1354
4 1211 1211
5 1037 1037
6 836 836
7 612 612
8 374 374
9 168 168
0 1047 1047
1 1540 1540
2 1466 1466
3 1352 1352
4 1206 1206
5 1032 1032
6 834 834
7 612 612
8 373 373
9 167 167
0 1044 1044
1 1538 1538
2 1462 1462
3 1354 1354
4 1209 1209
5 1035 1035
6 835 835
7 610 610
8 375 375
9 168 168
0 1049 1049
1 1541 1541
2 1464 1464
3 1354 1354
4 1209 1209
5 1033 1033
6 833 833
7 612 612
8 375 375
9 168 168
0 1046 1046
1 1538 1538
2 1462 1462
3 1355 1355
4 1211 1211
5 1035 1035
6 832 832
7 608 608
8 372 372
9 166 166
0 1050 1050
1 1540 1540
2 1462 1462
3 1351 1351
4 1207 1207
5 1034 1034
6 832 832
7 612 612
8 372 372
9 168 168
0 1050 1050
1 1541 1541
2 1465 1465
3 1349 1349
4 1205 1205
5 1033 1033
6 832 832
7 611 611
8 371 371
9 168 168
0 1070 1070
1 1571 1571
2 1502 1502
3 1386 1386
4 1245 1245
5 1073 1073
6 876 876
7 658 658
8 416 416
9 198 198
0 1043 1043
1 1533 1533
2 1469 1469
3 1354 1354
4 1212 1212
5 1035 1035
6 836 836
7 615 615
8 374 374
9 169 169
0 1043 1043
1 1533 1533
2 1469 1469
3 1354 1354
4 1212 1212
5 1035 1035
6 836 836
7 615 615
8 374 374
9 169 169
0 1027 1027
1 1505 1505
2 1432 1432
3 1312 1312
4 1168 1168
5 993 993
6 795 795
7 574 574
8 332 332
9 141 141
0 1050 1050
1 1541 1541
2 1465 1465
3 1349 1349
4 1205 1205
5 1033 1033
6 832 832
7 611 611
8 371 371
9 168 168
0 1050 1050
1 1540 1540
2 1462 1462
3 1351 1351
4 1207 1207
5 1034 1034
6 832 832
7 612 612
8 372 372
9 168 168
0 1046 1046
1 1538 1538
2 1462 1462
3 1355 1355
4 1211 1211
5 1035 1035
6 832 832
7 608 608
8 372 372
9 166 166
0 1049 1049
1 1541 1541
2 1464 1464
3 1354 1354
4 1209 1209
5 1033 1033
6 833 833
7 612 612
8 375 375
9 168 168
0 1044 1044
1 1538 1538
2 1462 1462
3 1354 1354
4 1209 1209
5 1035 1035
6 835 835
7 610 610
8 375 375
9 168 168
0 1047 1047
1 1540 1540
2 1466 1466
3 1352 1352
4 1206 1206
5 1032 1032
6 834 834
7 612 612
8 373 373
9 167 167
0 1045 1045
1 1537 1537
2 1464 1464
3 1354 1354
4 1211 1211
5 1037 1037
6 836 836
7 612 612
8 374 374
9 168 168
0 1048 1048
1 1540 1540
2 1465 1465
3 1352 1352
4 1207 1207
5 1034 1034
6 832 832
7 612 612
8 373 373
9 168 168
0 1046 1046
1 1537 1537
2 1462 1462
3 1353 1353
4 1209 1209
5 1035 1035
6 832 832
7 612 612
8 374 374
9 169 169
0 1045 1045
1 1535 1535
2 1461 1461
3 1347 1347
4 1202 1202
5 1029 1029
6 830 830
7 610 610
8 372 372
9 167 167
0 1043 1043
1 1532 1532
2 1463 1463
3 1355 1355
4 1214 1214
5 1035 1035
6 835 835
7 610 610
8 368 368
9 162 162
0 1047 1047
1 1538 1538
2 1464 1464
3 1352 1352
4 1208 1208
5 1034 1034
6 835 835
7 612 612
8 374 374
9 168 168
0 1050 1050
1 1542 1542
2 1466 1466
3 1355 1355
4 1211 1211
5 1036 1036
6 835 835
7 612 612
8 375 375
9 169 169
0 1050 1050
1 1543 1543
2 1466 1466
3 1349 1349
4 1203 1203
5 1030 1030
6 832 832
7 613 613
8 379 379
9 174 174
0 1049 1049
1 1538 1538
2 1465 1465
3 1350 1350
4 1210 1210
5 1033 1033
6 833 833
7 610 610
8 373 373
9 169 169
0 1051 1051
1 1541 1541
2 1462 1462
3 1351 1351
4 1210 1210
5 1033 1033
6 832 832
7 608 608
8 371 371
9 166 166
0 1052 1052
1 1543 1543
2 1462 1462
3 1351 1351
4 1207 1207
5 1031 1031
6 833 833
7 612 612
8 375 375
9 168 168
0 1050 1050
1 1543 1543
2 1459 1459
3 1352 1352
4 1207 1207
5 1033 1033
6 831 831
7 610 610
8 375 375
9 169 169
0 1047 1047
1 1539 1539
2 1464 1464
3 1350 1350
4 1206 1206
5 1031 1031
6 835 835
7 613 613
8 376 376
9 169 169
0 1045 1045
1 1537 1537
2 1462 1462
3 1353 1353
4 1209 1209
5 1035 1035
6 833 833
7 610 610
8 372 372
9 168 168
0 1045 1045
1 1537 1537
2 1465 1465
3 1354 1354
4 1208 1208
5 1032 1032
6 835 835
7 613 613
8 373 373
9 166 166
0 1046 1046
1 1538 1538
2 1462 1462
3 1353 1353
4 1207 1207
5 1033 1033
6 834 834
7 615 615
8 375 375
9 168 168
0 1047 1047
1 1538 1538
2 1463 1463
3 1352 1352
4 1209 1209
5 1035 1035
6 836 836
7 613 613
8 372 372
9 165 165
0 1046 1046
1 1538 1538
2 1463 1463
3 1353 1353
4 1211 1211
5 1037 1037
6 835 835
7 611 611
8 373 373
9 168 168
0 1045 1045
1 1537 1537
2 1463 1463
3 1354 1354
4 1211 1211
5 1037 1037
6 832 832
7 609 609
8 372 372
9 169 169
0 1048 1048
1 1540 1540
2 1463 1463
3 1352 1352
4 1209 1209
5 1036 1036
6 832 832
7 611 611
8 375 375
9 172 172
0 1047 1047
1 1540 1540
2 1464 1464
3 1352 1352
4 1207 1207
5 1033 1033
6 832 832
7 611 611
8 374 374
9 169 169
0 1049 1049
1 1543 1543
2 1470 1470
3 1362 1362
4 1213 1213
5 1032 1032
6 825 825
7 604 604
8 368 368
9 165 165
0 1045 1045
1 1536 1536
2 1462 1462
3 1353 1353
4 1206 1206
5 1031 1031
6 830 830
7 609 609
8 369 369
9 163 163
0 1047 1047
1 1537 1537
2 1462 1462
3 1352 1352
4 1209 1209
5 1035 1035
6 833 833
7 612 612
8 372 372
9 167 167
0 1046 1046
1 1535 1535
2 1457 1457
3 1342 1342
4 1203 1203
5 1036 1036
6 842 842
7 619 619
8 378 378
9 170 170
0 1048 1048
1 1539 1539
2 1464 1464
3 1351 1351
4 1210 1210
5 1038 1038
6 838 838
7 617 617
8 379 379
9 173 173
0 1048 1048
1 1540 1540
2 1463 1463
3 1351 1351
4 1207 1207
5 1035 1035
6 834 834
7 612 612
8 373 373
9 168 168
0 1047 1047
1 1539 1539
2 1463 1463
3 1353 1353
4 1209 1209
5 1036 1036
6 834 834
7 611 611
8 373 373
9 168 168
0 1047 1047
1 1539 1539
2 1464 1464
3 1354 1354
4 1209 1209
5 1034 1034
6 834 834
7 610 610
8 372 372
9 165 165
0 1047 1047
1 1539 1539
2 1465 1465
3 1355 1355
4 1209 1209
5 1033 1033
6 833 833
7 611 611
8 374 374
9 167 167
0 1049 1049
1 1540 1540
2 1463 1463
3 1351 1351
4 1208 1208
5 1032 1032
6 834 834
7 610 610
8 375 375
9 167 167
0 1045 1045
1 1536 1536
2 1463 1463
3 1351 1351
4 1209 1209
5 1032 1032
6 832 832
7 610 610
8 373 373
9 169 169
0 1048 1048
1 1540 1540
2 1466 1466
3 1351 1351
4 1205 1205
5 1032 1032
6 833 833
7 614 614
8 375 375
9 170 170
0 1044 1044
1 1540 1540
2 1467 1467
3 1358 1358
4 1203 1203
5 1036 1036
6 830 830
7 616 616
8 371 371
9 169 169
0 1046 1046
1 1539 1539
2 1465 1465
3 1354 1354
4 1208 1208
5 1038 1038
6 832 832
7 612 612
8 372 372
9 172 172
0 1039 1039
1 1531 1531
2 1458 1458
3 1355 1355
4 1211 1211
5 1041 1041
6 834 834
7 611 611
8 369 369
9 166 166
0 1037 1037
1 1527 1527
2 1456 1456
3 1353 1353
4 1213 1213
5 1039 1039
6 837 837
7 612 612
8 370 370
9 162 162
0 1037 1037
1 1527 1527
2 1456 1456
3 1353 1353
4 1213 1213
5 1039 1039
6 837 837
7 612 612
8 370 370
9 162 162
0 1039 1039
1 1531 1531
2 1458 1458
3 1355 1355
4 1211 1211
5 1041 1041
6 834 834
7 611 611
8 369 369
9 166 166
0 1046 1046
1 1539 1539
2 1465 1465
3 1354 1354
4 1208 1208
5 1038 1038
6 832 832
7 612 612
8 372 372
9 172 172
0 1044 1044
1 1540 1540
2 1467 1467
3 1358 1358
4 1203 1203
5 1036 1036
6 830 830
7 616 616
8 371 371
9 169 169
0 1048 1048
1 1540 1540
2 1466 1466
3 1351 1351
4 1205 1205
5 1032 1032
6 833 833
7 614 614
8 375 375
9 170 170
0 1045 1045
1 1536 1536
2 1463 1463
3 1351 1351
4 1209 1209
5 1032 1032
6 832 832
7 610 610
8 373 373
9 169 169
0 1049 1049
1 1540 1540
2 1463 1463
3 1351 1351
4 1208 1208
5 1032 1032
6 834 834
7 610 610
8 375 375
9 167 167
0 1047 1047
1 1539 1539
2 1465 1465
3 1355 1355
4 1209 1209
5 1033 1033
6 833 833
7 611 611
8 374 374
9 167 167
0 1047 1047
1 1539 1539
2 1464 1464
3 1354 1354
4 1209 1209
5 1034 1034
6 834 834
7 610 610
8 372 372
9 165 165
0 1047 1047
1 1539 1539
2 1463 1463
3 1353 1353
4 1209 1209
5 1036 1036
6 834 834
7 611 611
8 373 373
9 168 168
0 1048 1048
1 1540 1540
2 1463 1463
3 1351 1351
4 1207 1207
5 1035 1035
6 834 834
7 612 612
8 373 373
9 168 168
0 1048 1048
1 1539 1539
2 1464 1464
3 1351 1351
4 1210 1210
5 1038 1038
6 838 838
7 617 617
8 379 379
9 173 173
0 1046 1046
1 1535 1535
2 1457 1457
3 1342 1342
4 1203 1203
5 1036 1036
6 842 842
7 619 619
8 378 378
9 170 170
0 1047 1047
1 1537 1537
2 1462 1462
3 1352 1352
4 1209 1209
5 1035 1035
6 833 833
7 612 612
8 372 372
9 167 167
0 1045 1045
1 1536 1536
2 1462 1462
3 1353 1353
4 1206 1206
5 1031 1031
6 830 830
7 609 609
8 369 369
9 163 163
0 1049 1049
1 1543 1543
2 1470 1470
3 1362 1362
4 1213 1213
5 1032 1032
6 825 825
7 604 604
8 368 368
9 165 165
0 1047 1047
1 1540 1540
2 1464 1464
3 1352 1352
4 1207 1207
5 1033 1033
6 832 832
7 611 611
8 374 374
9 169 169
0 1048 1048
1 1540 1540
2 1463 1463
3 1352 1352
4 1209 1209
5 1036 1036
6 832 832
7 611 611
8 375 375
9 172 172
0 1045 1045
1 1537 1537
2 1463 1463
3 1354 1354
4 1211 1211
5 1037 1037
6 832 832
7 609 609
8 372 372
9 169 169
0 1046 1046
1 1538 1538
2 1463 1463
3 1353 1353
4 1211 1211
5 1037 1037
6 835 835
7 611 611
8 373 373
9 168 168
0 1047 1047
1 1538 1538
2 1463 1463
3 1352 1352
4 1209 1209
5 1035 1035
6 836 836
7 613 613
8 372 372
9 165 165
0 1046 1046
1 1538 1538
2 1462 1462
3 1353 1353
4 1207 1207
5 1033 1033
6 834 834
7 615 615
8 375 375
9 168 168
0 1045 1045
1 1537 1537
2 1465 1465
3 1354 1354
4 1208 1208
5 1032 1032
6 835 835
7 613 613
8 373 373
9 166 166
0 1045 1045
1 1537 1537
2 1462 1462
3 1353 1353
4 1209 1209
5 1035 1035
6 833 833
7 610 610
8 372 372
9 168 168
0 1047 1047
1 1539 1539
2 1464 1464
3 1350 1350
4 1206 1206
5 1031 1031
6 835 835
7 613 613
8 376 376
9 169 169
0 1050 1050
1 1543 1543
2 1459 1459
3 1352 1352
4 1207 1207
5 1033 1033
6 831 831
7 610 610
8 375 375
9 169 169
0 1052 1052
1 1543 1543
2 1462 1462
3 1351 1351
4 1207 1207
5 1031 1031
6 833 833
7 612 612
8 375 375
9 168 168
0 1051 1051
1 1541 1541
2 1462 1462
3 1351 1351
4 1210 1210
5 1033 1033
6 832 832
7 608 608
8 371 371
9 166 166
0 1049 1049
1 1538 1538
2 1465 1465
3 1350 1350
4 1210 1210
5 1033 1033
6 833 833
7 610 610
8 373 373
9 169 169
0 1050 1050
1 1543 1543
2 1466 1466
3 1349 1349
4 1203 1203
5 1030 1030
6 832 832
7 613 613
8 379 379
9 174 174
0 1050 1050
1 1542 1542
2 1466 1466
3 1355 1355
4 1211 1211
5 1036 1036
6 835 835
7 612 612
8 375 375
9 169 169
0 1047 1047
1 1538 1538
2 1464 1464
3 1352 1352
4 1208 1208
5 1034 1034
6 835 835
7 612 612
8 374 374
9 168 168
0 1043 1043
1 1532 1532
2 1463 1463
3 1355 1355
4 1214 1214
5 1035 1035
6 835 835
7 610 610
8 368 368
9 162 162
0 1045 1045
1 1535 1535
2 1461 1461
3 1347 1347
4 1202 1202
5 1029 1029
6 830 830
7 610 610
8 372 372
9 167 167
0 1046 1046
1 1537 1537
2 1462 1462
3 1353 1353
4 1209 1209
5 1035 1035
6 832 832
7 612 612
8 374 374
9 169 169
0 1048 1048
1 1540 1540
2 1465 1465
3 1352 1352
4 1207 1207
5 1034 1034
6 832 832
7 612 612
8 373 373
9 168 168
0 1045 1045
1 1537 1537
2 1464 1464
3 1354 1354
4 1211 1211
5 1037 1037
6 836 836
7 612 612
8 374 374
9 168 168
0 1047 1047
1 1540 1540
2 1466 1466
3 1352 1352
4 1206 1206
5 1032 1032
6 834 834
7 612 612
8 373 373
9 167 167
0 1044 1044
1 1538 1538
2 1462 1462
3 1354 1354
4 1209 1209
5 1035 1035
6 835 835
7 610 610
8 375 375
9 168 168
0 1049 1049
1 1541 1541
2 1464 1464
3 1354 1354
4 1209 1209
5 1033 1033
6 833 833
7 612 612
8 375 375
9 168 168
0 1046 1046
1 1538 1538
2 1462 1462
3 1355 1355
4 1211 1211
5 1035 1035
6 832 832
7 608 608
8 372 372
9 166 166
0 1050 1050
1 1540 1540
2 1462 1462
3 1351 1351
4 1207 1207
5 1034 1034
6 832 832
7 612 612
8 372 372
9 168 168
0 1050 1050
1 1541 1541
2 1465 1465
3 1349 1349
4 1205 1205
5 1033 1033
6 832 832
7 611 611
8 371 371
9 168 168
0 1070 1070
1 1571 1571
2 1502 1502
3 1386 1386
4 1245 1245
5 1073 1073
6 876 876
7 658 658
8 416 416
9 198 198
0 1043 1043
1 1533 1533
2 1469 1469
3 1354 1354
4 1212 1212
5 1035 1035
6 836 836
7 615 615
8 374 374
9 169 169
0 1043 1043
1 1533 1533
2 1469 1469
3 1354 1354
4 1212 1212
5 1035 1035
6 836 836
7 615 615
8 374 374
9 169 169
0 1027 1027
1 1505 1505
2 1432 1432
3 1312 1312
4 1168 1168
5 993 993
6 795 795
7 574 574
8 332 332
9 141 141
0 1050 1050
1 1541 1541
2 1465 1465
3 1349 1349
4 1205 1205
5 1033 1033
6 832 832
7 611 611
8 371 371
9 168 168
0 1050 1050
1 1540 1540
2 1462 1462
3 1351 1351
4 1207 1207
5 1034 1034
6 832 832
7 612 612
8 372 372
9 168 168
0 1046 1046
1 1538 1538
2 1462 1462
3 1355 1355
4 1211 1211
5 1035 1035
6 832 832
7 608 608
8 372 372
9 166 166
0 1049 1049
1 1541 1541
2 1464 1464
3 1354 1354
4 1209 1209
5 1033 1033
6 833 833
7 612 612
8 375 375
9 168 168
0 1044 1044
1 1538 1538
2 1462 1462
3 1354 1354
4 1209 1209
5 1035 1035
6 835 835
7 610 610
8 375 375
9 168 168
0 1047 1047
1 1540 1540
2 1466 1466
3 1352 1352
4 1206 1206
5 1032 1032
6 834 834
7 612 612
8 373 373
9 167 167
0 1045 1045
1 1537 1537
2 1464 1464
3 1354 1354
4 1211 1211
5 1037 1037
6 836 836
7 612 612
8 374 374
9 168 168
0 1048 1048
1 1540 1540
2 1465 1465
3 1352 1352
4 1207 1207
5 1034 1034
6 832 832
7 612 612
8 373 373
9 168 168
0 1046 1046
1 1537 1537
2 1462 1462
3 1353 1353
4 1209 1209
5 1035 1035
6 832 832
7 612 612
8 374 374
9 169 169
0 1045 1045
1 1535 1535
2 1461 1461
3 1347 1347
4 1202 1202
5 1029 1029
6 830 830
7 610 610
8 372 372
9 167 167
0 1043 1043
1 1532 1532
2 1463 1463
3 1355 1355
4 1214 1214
5 1035 1035
6 835 835
7 610 610
8 368 368
9 162 162
0 1047 1047
1 1538 1538
2 1464 1464
3 1352 1352
4 1208 1208
5 1034 1034
6 835 835
7 612 612
8 374 374
9 168 168
0 1050 1050
1 1542 1542
2 1466 1466
3 1355 1355
4 1211 1211
5 1036 1036
6 835 835
7 612 612
8 375 375
9 169 169
0 1050 1050
1 1543 1543
2 1466 1466
3 1349 1349
4 1203 1203
5 1030 1030
6 832 832
7 613 613
8 379 379
9 174 174
0 1049 1049
1 1538 1538
2 1465 1465
3 1350 1350
4 1210 1210
5 1033 1033
6 833 833
7 610 610
8 373 373
9 169 169
0 1051 1051
1 1541 1541
2 1462 1462
3 1351 1351
4 1210 1210
5 1033 1033
6 832 832
7 608 608
8 371 371
9 166 166
0 1052 1052
1 1543 1543
2 1462 1462
3 1351 1351
4 1207 1207
5 1031 1031
6 833 833
7 612 612
8 375 375
9 168 168
0 1050 1050
1 1543 1543
2 1459 1459
3 1352 1352
4 1207 1207
5 1033 1033
6 831 831
7 610 610
8 375 375
9 169 169
0 1047 1047
1 1539 1539
2 1464 1464
3 1350 1350
4 1206 1206
5 1031 1031
6 835 835
7 613 613
8 376 376
9 169 169
0 1045 1045
1 1537 1537
2 1462 1462
3 1353 1353
4 1209 1209
5 1035 1035
6 833 833
7 610 610
8 372 372
9 168 168
0 1045 1045
1 1537 1537
2 1465 1465
3 1354 1354
4 1208 1208
5 1032 1032
6 835 835
7 613 613
8 373 373
9 166 166
0 1046 1046
1 1538 1538
2 1462 1462
3 1353 1353
4 1207 1207
5 1033 1033
6 834 834
7 615 615
8 375 375
9 168 168
0 1047 1047
1 1538 1538
2 1463 1463
3 1352 1352
4 1209 1209
5 1035 1035
6 836 836
7 613 613
8 372 372
9 165 165
0 1046 1046
1 1538 1538
2 1463 1463
3 1353 1353
4 1211 1211
5 1037 1037
6 835 835
7 611 611
8 373 373
9 168 168
0 1045 1045
1 1537 1537
2 1463 1463
3 1354 1354
4 1211 1211
5 1037 1037
6 832 832
7 609 609
8 372 372
9 169 169
0 1048 1048
1 1540 1540
2 1463 1463
3 1352 1352
4 1209 1209
5 1036 1036
6 832 832
7 611 611
8 375 375
9 172 172
0 1047 1047
1 1540 1540
2 1464 1464
3 1352 1352
4 1207 1207
5 1033 1033
6 832 832
7 611 611
8 374 374
9 169 169
0 1049 1049
1 1543 1543
2 1470 1470
3 1362 1362
4 1213 1213
5 1032 1032
6 825 825
7 604 604
8 368 368
9 165 165
0 1045 1045
1 1536 1536
2 1462 1462
3 1353 1353
4 1206 1206
5 1031 1031
6 830 830
7 609 609
8 369 369
9 163 163
0 1047 1047
1 1537 1537
2 1462 1462
3 1352 1352
4 1209 1209
5 1035 1035
6 833 833
7 612 612
8 372 372
9 167 167
0 1046 1046
1 1535 1535
2 1457 1457
3 1342 1342
4 1203 1203
5 1036 1036
6 842 842
7 619 619
8 378 378
9 170 170
0 1048 1048
1 1539 1539
2 1464 1464
3 1351 1351
4 1210 1210
5 1038 1038
6 838 838
7 617 617
8 379 379
9 173 173
0 1048 1048
1 1540 1540
2 1463 1463
3 1351 1351
4 1207 1207
5 1035 1035
6 834 834
7 612 612
8 373 373
9 168 168
0 1047 1047
1 1539 1539
2 1463 1463
3 1353 1353
4 1209 1209
5 1036 1036
6 834 834
7 611 611
8 373 373
9 168 168
0 1047 1047
1 1539 1539
2 1464 1464
3 1354 1354
4 1209 1209
5 1034 1034
6 834 834
7 610 610
8 372 372
9 165 165
0 1047 1047
1 1539 1539
2 1465 1465
3 1355 1355
4 1209 1209
5 1033 1033
6 833 833
7 611 611
8 374 374
9 167 167
0 1049 1049
1 1540 1540
2 1463 1463
3 1351 1351
4 1208 1208
5 1032 1032
6 834 834
7 610 610
8 375 375
9 167 167
0 1045 1045
1 1536 1536
2 1463 1463
3 1351 1351
4 1209 1209
5 1032 1032
6 832 832
7 610 610
8 373 373
9 169 169
0 1048 1048
1 1540 1540
2 1466 1466
3 1351 1351
4 1205 1205
5 1032 1032
6 833 833
7 614 614
8 375 375
9 170 170
0 1044 1044
1 1540 1540
2 1467 1467
3 1358 1358
4 1203 1203
5 1036 1036
6 830 830
7 616 616
8 371 371
9 169 169
0 1046 1046
1 1539 1539
2 1465 1465
3 1354 1354
4 1208 1208
5 1038 1038
6 832 832
7 612 612
8 372 372
9 172 172
0 1384 1384
1 2041 2041
2 1943 1943
3 1808 1808
4 1613 1613
5 1387 1387
6 1113 1113
7 816 816
8 492 492
9 217 217
0 1384 1384
1 2034 2034
2 1942 1942
3 1800 1800
4 1622 1622
5 1386 1386
6 1116 1116
7 814 814
8 494 494
9 222 222
0 1384 1384
1 2041 2041
2 1943 1943
3 1808 1808
4 1613 1613
5 1387 1387
6 1113 1113
7 816 816
8 492 492
9 217 217
0 1046 1046
1 1539 1539
2 1465 1465
3 1354 1354
4 1208 1208
5 1038 1038
6 832 832
7 612 612
8 372 372
9 172 172
0 1044 1044
1 1540 1540
2 1467 1467
3 1358 1358
4 1203 1203
5 1036 1036
6 830 830
7 616 616
8 371 371
9 169 169
0 1048 1048
1 1540 1540
2 1466 1466
3 1351 1351
4 1205 1205
5 1032 1032
6 833 833
7 614 614
8 375 375
9 170 170
0 1045 1045
1 1536 1536
2 1463 1463
3 1351 1351
4 1209 1209
5 1032 1032
6 832 832
7 610 610
8 373 373
9 169 169
0 1049 1049
1 1540 1540
2 1463 1463
3 1351 1351
4 1208 1208
5 1032 1032
6 834 834
7 610 610
8 375 375
9 167 167
0 1047 1047
1 1539 1539
2 1465 1465
3 1355 1355
4 1209 1209
5 1033 1033
6 833 833
7 611 611
8 374 374
9 167 167
0 1047 1047
1 1539 1539
2 1464 1464
3 1354 1354
4 1209 1209
5 1034 1034
6 834 834
7 610 610
8 372 372
9 165 165
0 1047 1047
1 1539 1539
2 1463 1463
3 1353 1353
4 1209 1209
5 1036 1036
6 834 834
7 611 611
8 373 373
9 168 168
0 1048 1048
1 1540 1540
2 1463 1463
3 1351 1351
4 1207 1207
5 1035 1035
6 834 834
7 612 612
8 373 373
9 168 168
0 1048 1048
1 1539 1539
2 1464 1464
3 1351 1351
4 1210 1210
5 1038 1038
6 838 838
7 617 617
8 379 379
9 173 173
0 1046 1046
1 1535 1535
2 1457 1457
3 1342 1342
4 1203 1203
5 1036 1036
6 842 842
7 619 619
8 378 378
9 170 170
0 1047 1047
1 1537 1537
2 1462 1462
3 1352 1352
4 1209 1209
5 1035 1035
6 833 833
7 612 612
8 372 372
9 167 167
0 1045 1045
1 1536 1536
2 1462 1462
3 1353 1353
4 1206 1206
5 1031 1031
6 830 830
7 609 609
8 369 369
9 163 163
0 1049 1049
1 1543 1543
2 1470 1470
3 1362 1362
4 1213 1213
5 1032 1032
6 825 825
7 604 604
8 368 368
9 165 165
0 1047 1047
1 1540 1540
2 1464 1464
3 1352 1352
4 1207 1207
5 1033 1033
6 832 832
7 611 611
8 374 374
9 169 169
0 1048 1048
1 1540 1540
2 1463 1463
3 1352 1352
4 1209 1209
5 1036 1036
6 832 832
7 611 611
8 375 375
9 172 172
0 1045 1045
1 1537 1537
2 1463 1463
3 1354 1354
4 1211 1211
5 1037 1037
6 832 832
7 609 609
8 372 372
9 169 169
0 1046 1046
1 1538 1538
2 1463 1463
3 1353 1353
4 1211 1211
5 1037 1037
6 835 835
7 611 611
8 373 373
9 168 168
0 1047 1047
1 1538 1538
2 1463 1463
3 1352 1352
4 1209 1209
5 1035 1035
6 836 836
7 613 613
8 372 372
9 165 165
0 1046 1046
1 1538 1538
2 1462 1462
3 1353 1353
4 1207 1207
5 1033 1033
6 834 834
7 615 615
8 375 375
9 168 168
0 1045 1045
1 1537 1537
2 1465 1465
3 1354 1354
4 1208 1208
5 1032 1032
6 835 835
7 613 613
8 373 373
9 166 166
0 1045 1045
1 1537 1537
2 1462 1462
3 1353 1353
4 1209 1209
5 1035 1035
6 833 833
7 610 610
8 372 372
9 168 168
0 1047 1047
1 1539 1539
2 1464 1464
3 1350 1350
4 1206 1206
5 1031 1031
6 835 835
7 613 613
8 376 376
9 169 169
0 1050 1050
1 1543 1543
2 1459 1459
3 1352 1352
4 1207 1207
5 1033 1033
6 831 831
7 610 610
8 375 375
9 169 169
0 1052 1052
1 1543 1543
2 1462 1462
3 1351 1351
4 1207 1207
5 1031 1031
6 833 833
7 612 612
8 375 375
9 168 168
0 1051 1051
1 1541 1541
2 1462 1462
3 1351 1351
4 1210 1210
5 1033 1033
6 832 832
7 608 608
8 371 371
9 166 166
0 1049 1049
1 1538 1538
2 1465 1465
3 1350 1350
4 1210 1210
5 1033 1033
6 833 833
7 610 610
8 373 373
9 169 169
0 1050 1050
1 1543 1543
2 1466 1466
3 1349 1349
4 1203 1203
5 1030 1030
6 832 832
7 613 613
8 379 379
9 174 174
0 1050 1050
1 1542 1542
2 1466 1466
3 1355 1355
4 1211 1211
5 1036 1036
6 835 835
7 612 612
8 375 375
9 169 169
0 1047 1047
1 1538 1538
2 1464 1464
3 1352 1352
4 1208 1208
5 1034 1034
6 835 835
7 612 612
8 374 374
9 168 168
0 1043 1043
1 1532 1532
2 1463 1463
3 1355 1355
4 1214 1214
5 1035 1035
6 835 835
7 610 610
8 368 368
9 162 162
0 1045 1045
1 1535 1535
2 1461 1461
3 1347 1347
4 1202 1202
5 1029 1029
6 830 830
7 610 610
8 372 372
9 167 167
0 1046 1046
1 1537 1537
2 1462 1462
3 1353 1353
4 1209 1209
5 1035 1035
6 832 832
7 612 612
8 374 374
9 169 169
0 1048 1048
1 1540 1540
2 1465 1465
3 1352 1352
4 1207 1207
5 1034 1034
6 832 832
7 612 612
8 373 373
9 168 168
0 1045 1045
1 1537 1537
2 1464 1464
3 1354 1354
4 1211 1211
5 1037 1037
6 836 836
7 612 612
8 374 374
9 168 168
0 1047 1047
1 1540 1540
2 1466 1466
3 1352 1352
4 1206 1206
5 1032 1032
6 834 834
7 612 612
8 373 373
9 167 167
0 1044 1044
1 1538 1538
2 1462 1462
3 1354 1354
4 1209 1209
5 1035 1035
6 835 835
7 610 610
8 375 375
9 168 168
0 1049 1049
1 1541 1541
2 1464 1464
3 1354 1354
4 1209 1209
5 1033 1033
6 833 833
7 612 612
8 375 375
9 168 168
0 1046 1046
1 1538 1538
2 1462 1462
3 1355 1355
4 1211 1211
5 1035 1035
6 832 832
7 608 608
8 372 372
9 166 166
0 1050 1050
1 1540 1540
2 1462 1462
3 1351 1351
4 1207 1207
5 1034 1034
6 832 832
7 612 612
8 372 372
9 168 168
0 1050 1050
1 1541 1541
2 1465 1465
3 1349 1349
4 1205 1205
5 1033 1033
6 832 832
7 611 611
8 371 371
9 168 168
0 1027 1027
1 1505 1505
2 1432 1432
3 1312 1312
4 1168 1168
5 993 993
6 795 795
7 574 574
8 332 332
9 141 141
0 1043 1043
1 1533 1533
2 1469 1469
3 1354 1354
4 1212 1212
5 1035 1035
6 836 836
7 615 615
8 374 374
9 169 169
0 1043 1043
1 1533 1533
2 1469 1469
3 1354 1354
4 1212 1212
5 1035 1035
6 836 836
7 615 615
8 374 374
9 169 169
0 1070 1070
1 1571 1571
2 1502 1502
3 1386 1386
4 1245 1245
5 1073 1073
6 876 876
7 658 658
8 416 416
9 198 198
0 1050 1050
1 1541 1541
2 1465 1465
3 1349 1349
4 1205 1205
5 1033 1033
6 832 832
7 611 611
8 371 371
9 168 168
0 1050 1050
1 1540 1540
2 1462 1462
3 1351 1351
4 1207 1207
5 1034 1034
6 832 832
7 612 612
8 372 372
9 168 168
0 1046 1046
1 1538 1538
2 1462 1462
3 1355 1355
4 1211 1211
5 1035 1035
6 832 832
7 608 608
8 372 372
9 166 166
0 1049 1049
1 1541 1541
2 1464 1464
3 1354 1354
4 1209 1209
5 1033 1033
6 833 833
7 612 612
8 375 375
9 168 168
0 1044 1044
1 1538 1538
2 1462 1462
3 1354 1354
4 1209 1209
5 1035 1035
6 835 835
7 610 610
8 375 375
9 168 168
0 1047 1047
1 1540 1540
2 1466 1466
3 1352 1352
4 1206 1206
5 1032 1032
6 834 834
7 612 612
8 373 373
9 167 167
0 1045 1045
1 1537 1537
2 1464 1464
3 1354 1354
4 1211 1211
5 1037 1037
6 836 836
7 612 612
8 374 374
9 168 168
0 1048 1048
1 1540 1540
2 1465 1465
3 1352 1352
4 1207 1207
5 1034 1034
6 832 832
7 612 612
8 373 373
9 168 168
0 1046 1046
1 1537 1537
2 1462 1462
3 1353 1353
4 1209 1209
5 1035 1035
6 832 832
7 612 612
8 374 374
9 169 169
0 1045 1045
1 1535 1535
2 1461 1461
3 1347 1347
4 1202 1202
5 1029 1029
6 830 830
7 610 610
8 372 372
9 167 167
0 1043 1043
1 1532 1532
2 1463 1463
3 1355 1355
4 1214 1214
5 1035 1035
6 835 835
7 610 610
8 368 368
9 162 162
0 1047 1047
1 1538 1538
2 1464 1464
3 1352 1352
4 1208 1208
5 1034 1034
6 835 835
7 612 612
8 374 374
9 168 168
0 1050 1050
1 1542 1542
2 1466 1466
3 1355 1355
4 1211 1211
5 1036 1036
6 835 835
7 612 612
8 375 375
9 169 169
0 1050 1050
1 1543 1543
2 1466 1466
3 1349 1349
4 1203 1203
5 1030 1030
6 832 832
7 613 613
8 379 379
9 174 174
0 1049 1049
1 1538 1538
2 1465 1465
3 1350 1350
4 1210 1210
5 1033 1033
6 833 833
7 610 610
8 373 373
9 169 169
0 1051 1051
1 1541 1541
2 1462 1462
3 1351 1351
4 1210 1210
5 1033 1033
6 832 832
7 608 608
8 371 371
9 166 166
0 1052 1052
1 1543 1543
2 1462 1462
3 1351 1351
4 1207 1207
5 1031 1031
6 833 833
7 612 612
8 375 375
9 168 168
0 1050 1050
1 1543 1543
2 1459 1459
3 1352 1352
4 1207 1207
5 1033 1033
6 831 831
7 610 610
8 375 375
9 169 169
0 1047 1047
1 1539 1539
2 1464 1464
3 1350 1350
4 1206 1206
5 1031 1031
6 835 835
7 613 613
8 376 376
9 169 169
0 1045 1045
1 1537 1537
2 1462 1462
3 1353 1353
4 1209 1209
5 1035 1035
6 833 833
7 610 610
8 372 372
9 168 168
0 1045 1045
1 1537 1537
2 1465 1465
3 1354 1354
4 1208 1208
5 1032 1032
6 835 835
7 613 613
8 373 373
9 166 166
0 1046 1046
1 1538 1538
2 1462 1462
3 1353 1353
4 1207 1207
5 1033 1033
6 834 834
7 615 615
8 375 375
9 168 168
0 1047 1047
1 1538 1538
2 1463 1463
3 1352 1352
4 1209 1209
5 1035 1035
6 836 836
7 613 613
8 372 372
9 165 165
0 1046 1046
1 1538 1538
2 1463 1463
3 1353 1353
4 1211 1211
5 1037 1037
6 835 835
7 611 611
8 373 373
9 168 168
0 1045 1045
1 1537 1537
2 1463 1463
3 1354 1354
4 1211 1211
5 1037 1037
6 832 832
7 609 609
8 372 372
9 169 169
0 1048 1048
1 1540 1540
2 1463 1463
3 1352 1352
4 1209 1209
5 1036 1036
6 832 832
7 611 611
8 375 375
9 172 172
0 1047 1047
1 1540 1540
2 1464 1464
3 1352 1352
4 1207 1207
5 1033 1033
6 832 832
7 611 611
8 374 374
9 169 169
0 1049 1049
1 1543 1543
2 1470 1470
3 1362 1362
4 1213 1213
5 1032 1032
6 825 825
7 604 604
8 368 368
9 165 165
0 1045 1045
1 1536 1536
2 1462 1462
3 1353 1353
4 1206 1206
5 1031 1031
6 830 830
7 609 609
8 369 369
9 163 163
0 1047 1047
1 1537 1537
2 1462 1462
3 1352 1352
4 1209 1209
5 1035 1035
6 833 833
7 612 612
8 372 372
9 167 167
0 1046 1046
1 1535 1535
2 1457 1457
3 1342 1342
4 1203 1203
5 1036 1036
6 842 842
7 619 619
8 378 378
9 170 170
0 1048 1048
1 1539 1539
2 1464 1464
3 1351 1351
4 1210 1210
5 1038 1038
6 838 838
7 617 617
8 379 379
9 173 173
0 1048 1048
1 1540 1540
2 1463 1463
3 1351 1351
4 1207 1207
5 1035 1035
6 834 834
7 612 612
8 373 373
9 168 168
0 1047 1047
1 1539 1539
2 1463 1463
3 1353 1353
4 1209 1209
5 1036 1036
6 834 834
7 611 611
8 373 373
9 168 168
0 1047 1047
1 1539 1539
2 1464 1464
3 1354 1354
4 1209 1209
5 1034 1034
6 834 834
7 610 610
8 372 372
9 165 165
0 1047 1047
1 1539 1539
2 1465 1465
3 1355 1355
4 1209 1209
5 1033 1033
6 833 833
7 611 611
8 374 374
9 167 167
0 1049 1049
1 1540 1540
2 1463 1463
3 1351 1351
4 1208 1208
5 1032 1032
6 834 834
7 610 610
8 375 375
9 167 167
0 1045 1045
1 1536 1536
2 1463 1463
3 1351 1351
4 1209 1209
5 1032 1032
6 832 832
7 610 610
8 373 373
9 169 169
0 1048 1048
1 1540 1540
2 1466 1466
3 1351 1351
4 1205 1205
5 1032 1032
6 833 833
7 614 614
8 375 375
9 170 170
0 1044 1044
1 1540 1540
2 1467 1467
3 1358 1358
4 1203 1203
5 1036 1036
6 830 830
7 616 616
8 371 371
9 169 169
0 1046 1046
1 1539 1539
2 1465 1465
3 1354 1354
4 1208 1208
5 1038 1038
6 832 832
7 612 612
8 372 372
9 172 172
0 1039 1039
1 1531 1531
2 1458 1458
3 1355 1355
4 1211 1211
5 1041 1041
6 834 834
7 611 611
8 369 369
9 166 166
0 1037 1037
1 1527 1527
2 1456 1456
3 1353 1353
4 1213 1213
5 1039 1039
6 837 837
7 612 612
8 370 370
9 162 162
0 1037 1037
1 1527 1527
2 1456 1456
3 1353 1353
4 1213 1213
5 1039 1039
6 837 837
7 612 612
8 370 370
9 162 162
0 1039 1039
1 1531 1531
2 1458 1458
3 1355 1355
4 1211 1211
5 1041 1041
6 834 834
7 611 611
8 369 369
9 166 166
0 1046 1046
1 1539 1539
2 1465 1465
3 1354 1354
4 1208 1208
5 1038 1038
6 832 832
7 612 612
8 372 372
9 172 172
0 1044 1044
1 1540 1540
2 1467 1467
3 1358 1358
4 1203 1203
5 1036 1036
6 830 830
7 616 616
8 371 371
9 169 169
0 1048 1048
1 1540 1540
2 1466 1466
3 1351 1351
4 1205 1205
5 1032 1032
6 833 833
7 614 614
8 375 375
9 170 170
0 1045 1045
1 1536 1536
2 1463 1463
3 1351 1351
4 1209 1209
5 1032 1032
6 832 832
7 610 610
8 373 373
9 169 169
0 1049 1049
1 1540 1540
2 1463 1463
3 1351 1351
4 1208 1208
5 1032 1032
6 834 834
7 610 610
8 375 375
9 167 167
0 1047 1047
1 1539 1539
2 1465 1465
3 1355 1355
4 1209 1209
5 1033 1033
6 833 833
7 611 611
8 374 374
9 167 167
0 1047 1047
1 1539 1539
2 1464 1464
3 1354 1354
4 1209 1209
5 1034 1034
6 834 834
7 610 610
8 372 372
9 165 165
0 1047 1047
1 1539 1539
2 1463 1463
3 1353 1353
4 1209 1209
5 1036 1036
6 834 834
7 611 611
8 373 373
9 168 168
0 1048 1048
1 1540 1540
2 1463 1463
3 1351 1351
4 1207 1207
5 1035 1035
6 834 834
7 612 612
8 373 373
9 168 168
0 1048 1048
1 1539 1539
2 1464 1464
3 1351 1351
4 1210 1210
5 1038 1038
6 838 838
7 617 617
8 379 379
9 173 173
0 1046 1046
1 1535 1535
2 1457 1457
3 1342 1342
4 1203 1203
5 1036 1036
6 842 842
7 619 619
8 378 378
9 170 170
0 1047 1047
1 1537 1537
2 1462 1462
3 1352 1352
4 1209 1209
5 1035 1035
6 833 833
7 612 612
8 372 372
9 167 167
0 1045 1045
1 1536 1536
2 1462 1462
3 1353 1353
4 1206 1206
5 1031 1031
6 830 830
7 609 609
8 369 369
9 163 163
0 1049 1049
1 1543 1543
2 1470 1470
3 1362 1362
4 1213 1213
5 1032 1032
6 825 825
7 604 604
8 368 368
9 165 165
0 1047 1047
1 1540 1540
2 1464 1464
3 1352 1352
4 1207 1207
5 1033 1033
6 832 832
7 611 611
8 374 374
9 169 169
0 1048 1048
1 1540 1540
2 1463 1463
3 1352 1352
4 1209 1209
5 1036 1036
6 832 832
7 611 611
8 375 375
9 172 172
0 1045 1045
1 1537 1537
2 1463 1463
3 1354 1354
4 1211 1211
5 1037 1037
6 832 832
7 609 609
8 372 372
9 169 169
0 1046 1046
1 1538 1538
2 1463 1463
3 1353 1353
4 1211 1211
5 1037 1037
6 835 835
7 611 611
8 373 373
9 168 168
0 1047 1047
1 1538 1538
2 1463 1463
3 1352 1352
4 1209 1209
5 1035 1035
6 836 836
7 613 613
8 372 372
9 165 165
0 1046 1046
1 1538 1538
2 1462 1462
3 1353 1353
4 1207 1207
5 1033 1033
6 834 834
7 615 615
8 375 375
9 168 168
0 1045 1045
1 1537 1537
2 1465 1465
3 1354 1354
4 1208 1208
5 1032 1032
6 835 835
7 613 613
8 373 373
9 166 166
0 1045 1045
1 1537 1537
2 1462 1462
3 1353 1353
4 1209 1209
5 1035 1035
6 833 833
7 610 610
8 372 372
9 168 168
0 1047 1047
1 1539 1539
2 1464 1464
3 1350 1350
4 1206 1206
5 1031 1031
6 835 835
7 613 613
8 376 376
9 169 169
0 1050 1050
1 1543 1543
2 1459 1459
3 1352 1352
4 1207 1207
5 1033 1033
6 831 831
7 610 610
8 375 375
9 169 169
0 1052 1052
1 1543 1543
2 1462 1462
3 1351 1351
4 1207 1207
5 1031 1031
6 833 833
7 612 612
8 375 375
9 168 168
0 1051 1051
1 1541 1541
2 1462 1462
3 1351 1351
4 1210 1210
5 1033 1033
6 832 832
7 608 608
8 371 371
9 166 166
0 1049 1049
1 1538 1538
2 1465 1465
3 1350 1350
4 1210 1210
5 1033 1033
6 833 833
7 610 610
8 373 373
9 169 169
0 1050 1050
1 1543 1543
2 1466 1466
3 1349 1349
4 1203 1203
5 1030 1030
6 832 832
7 613 613
8 379 379
9 174 174
0 1050 1050
1 1542 1542
2 1466 1466
3 1355 1355
4 1211 1211
5 1036 1036
6 835 835
7 612 612
8 375 375
9 169 169
0 1047 1047
1 1538 1538
2 1464 1464
3 1352 1352
4 1208 1208
5 1034 1034
6 835 835
7 612 612
8 374 374
9 168 168
0 1043 1043
1 1532 1532
2 1463 1463
3 1355 1355
4 1214 1214
5 1035 1035
6 835 835
7 610 610
8 368 368
9 162 162
0 1045 1045
1 1535 1535
2 1461 1461
3 1347 1347
4 1202 1202
5 1029 1029
6 830 830
7 610 610
8 372 372
9 167 167
0 1046 1046
1 1537 1537
2 1462 1462
3 1353 1353
4 1209 1209
5 1035 1035
6 832 832
7 612 612
8 374 374
9 169 169
0 1048 1048
1 1540 1540
2 1465 1465
3 1352 1352
4 1207 1207
5 1034 1034
6 832 832
7 612 612
8 373 373
9 168 168
0 1045 1045
1 1537 1537
2 1464 1464
3 1354 1354
4 1211 1211
5 1037 1037
6 836 836
7 612 612
8 374 374
9 168 168
0 1047 1047
1 1540 1540
2 1466 1466
3 1352 1352
4 1206 1206
5 1032 1032
6 834 834
7 612 612
8 373 373
9 167 167
0 1044 1044
1 1538 1538
2 1462 1462
3 1354 1354
4 1209 1209
5 1035 1035
6 835 835
7 610 610
8 375 375
9 168 168
0 1049 1049
1 1541 1541
2 1464 1464
3 1354 1354
4 1209 1209
5 1033 1033
6 833 833
7 612 612
8 375 375
9 168 168
0 1046 1046
1 1538 1538
2 1462 1462
3 1355 1355
4 1211 1211
5 1035 1035
6 832 832
7 608 608
8 372 372
9 166 166
0 1050 1050
1 1540 1540
2 1462 1462
3 1351 1351
4 1207 1207
5 1034 1034
6 832 832
7 612 612
8 372 372
9 168 168
0 1050 1050
1 1541 1541
2 1465 1465
3 1349 1349
4 1205 1205
5 1033 1033
6 832 832
7 611 611
8 371 371
9 168 168
0 1027 1027
1 1505 1505
2 1432 1432
3 1312 1312
4 1168 1168
5 993 993
6 795 795
7 574 574
8 332 332
9 141 141
0 1043 1043
1 1533 1533
2 1469 1469
3 1354 1354
4 1212 1212
5 1035 1035
6 836 836
7 615 615
8 374 374
9 169 169
0 1043 1043
1 1533 1533
2 1469 1469
3 1354 1354
4 1212 1212
5 1035 1035
6 836 836
7 615 615
8 374 374
9 169 169
0 1070 1070
1 1571 1571
2 1502 1502
3 1386 1386
4 1245 1245
5 1073 1073
6 876 876
7 658 658
8 416 416
9 198 198
0 1050 1050
1 1541 1541
2 1465 1465
3 1349 1349
4 1205 1205
5 1033 1033
6 832 832
7 611 611
8 371 371
9 168 168
0 1050 1050
1 1540 1540
2 1462 1462
3 1351 1351
4 1207 1207
5 1034 1034
6 832 832
7 612 612
8 372 372
9 168 168
0 1046 1046
1 1538 1538
2 1462 1462
3 1355 1355
4 1211 1211
5 1035 1035
6 832 832
7 608 608
8 372 372
9 166 166
0 1049 1049
1 1541 1541
2 1464 1464
3 1354 1354
4 1209 1209
5 1033 1033
6 833 833
7 612 612
8 375 375
9 168 168
0 1044 1044
1 1538 1538
2 1462 1462
3 1354 1354
4 1209 1209
5 1035 1035
6 835 835
7 610 610
8 375 375
9 168 168
0 1047 1047
1 1540 1540
2 1466 1466
3 1352 1352
4 1206 1206
5 1032 1032
6 834 834
7 612 612
8 373 373
9 167 167
0 1045 1045
1 1537 1537
2 1464 1464
3 1354 1354
4 1211 1211
5 1037 1037
6 836 836
7 612 612
8 374 374
9 168 168
0 1048 1048
1 1540 1540
2 1465 1465
3 1352 1352
4 1207 1207
5 1034 1034
6 832 832
7 612 612
8 373 373
9 168 168
0 1046 1046
1 1537 1537
2 1462 1462
3 1353 1353
4 1209 1209
5 1035 1035
6 832 832
7 612 612
8 374 374
9 169 169
0 1045 1045
1 1535 1535
2 1461 1461
3 1347 1347
4 1202 1202
5 1029 1029
6 830 830
7 610 610
8 372 372
9 167 167
0 1043 1043
1 1532 1532
2 1463 1463
3 1355 1355
4 1214 1214
5 1035 1035
6 835 835
7 610 610
8 368 368
9 162 162
0 1047 1047
1 1538 1538
2 1464 1464
3 1352 1352
4 1208 1208
5 1034 1034
6 835 835
7 612 612
8 374 374
9 168 168
0 1050 1050
1 1542 1542
2 1466 1466
3 1355 1355
4 1211 1211
5 1036 1036
6 835 835
7 612 612
8 375 375
9 169 169
0 1050 1050
1 1543 1543
2 1466 1466
3 1349 1349
4 1203 1203
5 1030 1030
6 832 832
7 613 613
8 379 379
9 174 174
0 1049 1049
1 1538 1538
2 1465 1465
3 1350 1350
4 1210 1210
5 1033 1033
6 833 833
7 610 610
8 373 373
9 169 169
0 1051 1051
1 1541 1541
2 1462 1462
3 1351 1351
4 1210 1210
5 1033 1033
6 832 832
7 608 608
8 371 371
9 166 166
0 1052 1052
1 1543 1543
2 1462 1462
3 1351 1351
4 1207 1207
5 1031 1031
6 833 833
7 612 612
8 375 375
9 168 168
0 1050 1050
1 1543 1543
2 1459 1459
3 1352 1352
4 1207 1207
5 1033 1033
6 831 831
7 610 610
8 375 375
9 169 169
0 1047 1047
1 1539 1539
2 1464 1464
3 1350 1350
4 1206 1206
5 1031 1031
6 835 835
7 613 613
8 376 376
9 169 169
0 1045 1045
1 1537 1537
2 1462 1462
3 1353 1353
4 1209 1209
5 1035 1035
6 833 833
7 610 610
8 372 372
9 168 168
0 1045 1045
1 1537 1537
2 1465 1465
3 1354 1354
4 1208 1208
5 1032 1032
6 835 835
7 613 613
8 373 373
9 166 166
0 1046 1046
1 1538 1538
2 1462 1462
3 1353 1353
4 1207 1207
5 1033 1033
6 834 834
7 615 615
8 375 375
9 168 168
0 1047 1047
1 1538 1538
2 1463 1463
3 1352 1352
4 1209 1209
5 1035 1035
6 836 836
7 613 613
8 372 372
9 165 165
0 1046 1046
1 1538 1538
2 1463 1463
3 1353 1353
4 1211 1211
5 1037 1037
6 835 835
7 611 611
8 373 373
9 168 168
0 1045 1045
1 1537 1537
2 1463 1463
3 1354 1354
4 1211 1211
5 1037 1037
6 832 832
7 609 609
8 372 372
9 169 169
0 1048 1048
1 1540 1540
2 1463 1463
3 1352 1352
4 1209 1209
5 1036 1036
6 832 832
7 611 611
8 375 375
9 172 172
0 1047 1047
1 1540 1540
2 1464 1464
3 1352 1352
4 1207 1207
5 1033 1033
6 832 832
7 611 611
8 374 374
9 169 169
0 1049 1049
1 1543 1543
2 1470 1470
3 1362 1362
4 1213 1213
5 1032 1032
6 825 825
7 604 604
8 368 368
9 165 165
0 1045 1045
1 1536 1536
2 1462 1462
3 1353 1353
4 1206 1206
5 1031 1031
6 830 830
7 609 609
8 369 369
9 163 163
0 1047 1047
1 1537 1537
2 1462 1462
3 1352 1352
4 1209 1209
5 1035 1035
6 833 833
7 612 612
8 372 372
9 167 167
0 1046 1046
1 1535 1535
2 1457 1457
3 1342 1342
4 1203 1203
5 1036 1036
6 842 842
7 619 619
8 378 378
9 170 170
0 1048 1048
1 1539 1539
2 1464 1464
3 1351 1351
4 1210 1210
5 1038 1038
6 838 838
7 617 617
8 379 379
9 173 173
0 1048 1048
1 1540 1540
2 1463 1463
3 1351 1351
4 1207 1207
5 1035 1035
6 834 834
7 612 612
8 373 373
9 168 168
0 1047 1047
1 1539 1539
2 1463 1463
3 1353 1353
4 1209 1209
5 1036 1036
6 834 834
7 611 611
8 373 373
9 168 168
0 1047 1047
1 1539 1539
2 1464 1464
3 1354 1354
4 1209 1209
5 1034 1034
6 834 834
7 610 610
8 372 372
9 165 165
0 1047 1047
1 1539 1539
2 1465 1465
3 1355 1355
4 1209 1209
5 1033 1033
6 833 833
7 611 611
8 374 374
9 167 167
0 1049 1049
1 1540 1540
2 1463 1463
3 1351 1351
4 1208 1208
5 1032 1032
6 834 834
7 610 610
8 375 375
9 167 167
0 1045 1045
1 1536 1536
2 1463 1463
3 1351 1351
4 1209 1209
5 1032 1032
6 832 832
7 610 610
8 373 373
9 169 169
0 1048 1048
1 1540 1540
2 1466 1466
3 1351 1351
4 1205 1205
5 1032 1032
6 833 833
7 614 614
8 375 375
9 170 170
0 1044 1044
1 1540 1540
2 1467 1467
3 1358 1358
4 1203 1203
5 1036 1036
6 830 830
7 616 616
8 371 371
9 169 169
0 1046 1046
1 1539 1539
2 1465 1465
3 1354 1354
4 1208 1208
5 1038 1038
6 832 832
7 612 612
8 372 372
9 172 172
0 1039 1039
1 1531 1531
2 1458 1458
3 1355 1355
4 1211 1211
5 1041 1041
6 834 834
7 611 611
8 369 369
9 166 166
0 692 692
1 1017 1017
2 971 971
3 900 900
4 811 811
5 693 693
6 558 558
7 407 407
8 247 247
9 111 111
