     2309449       19.9812
     2312197       19.9412
     2314945       19.9013
     2317693       19.8613
     2320441       19.8214
     2323189       19.7814
     2325937       19.7415
     2328684       19.7020
     2331432       19.6621
     2334180       19.6223
     2336928       19.5824
     2339676       19.5426
     2342424       19.5028
     2345172       19.4630
     2347920       19.4232
     2350668       19.3834
     2353416       19.3437
     2356164       19.3039
     2358912       19.2642
     2361660       19.2245
     2364408       19.1848
     2367155       19.1455
     2369903       19.1058
     2372651       19.0662
     2375399       19.0265
     2378147       18.9869
     2380895       18.9473
     2383643       18.9077
     2386391       18.8681
     2389139       18.8286
     2391887       18.7890
     2394635       18.7495
     2397383       18.7100
     2400131       18.6705
     2402879       18.6310
     2405627       18.5915
     2408374       18.5524
     2411122       18.5129
     2413870       18.4735
     2416618       18.4341
     2419366       18.3947
     2422114       18.3553
     2424862       18.3159
     2427610       18.2765
     2430358       18.2372
     2433106       18.1979
     2435854       18.1585
     2438602       18.1192
     2441350       18.0799
     2444098       18.0406
     2446846       18.0014
     2449594       17.9621
     2452341       17.9232
     2455089       17.8840
     2457837       17.8448
     2460585       17.8056
     2463333       17.7664
     2466081       17.7272
     2468829       17.6881
     2471577       17.6489
     2474325       17.6098
     2477073       17.5707
     2479821       17.5316
     2482569       17.4925
     2485317       17.4534
     2488065       17.4143
     2490813       17.3753
     2493561       17.3362
     2496308       17.2975
     2499056       17.2585
     2501804       17.2195
     2504552       17.1805
     2507300       17.1416
     2510048       17.1026
     2512796       17.0636
     2515544       17.0247
     2518292       16.9858
     2521040       16.9469
     2523788       16.9080
     2526536       16.8691
     2529284       16.8302
     2532032       16.7913
     2534780       16.7525
     2537528       16.7136
     2540276       16.6748
     2543023       16.6363
     2545771       16.5975
     2548519       16.5587
     2551267       16.5200
     2554015       16.4812
     2556763       16.4424
     2559511       16.4037
     2562259       16.3650
     2565007       16.3263
     2567755       16.2875
     2570503       16.2489
     2573251       16.2102
     2575999       16.1715
     2578747       16.1329
     2581495       16.0942
     2584243       16.0556
     2586991       16.0169
     2589738       15.9787
     2592486       15.9401
     2595234       15.9015
     2597982       15.8629
     2600730       15.8243
     2603478       15.7858
     2606226       15.7472
     2608974       15.7087
     2611722       15.6702
     2614470       15.6317
     2617218       15.5932
     2619966       15.5547
     2622714       15.5162
     2625462       15.4778
     2628210       15.4393
     2630958       15.4009
     2633706       15.3624
     2636454       15.3240
     2639201       15.2859
     2641949       15.2475
     2644697       15.2091
     2647445       15.1708
     2650193       15.1324
     2652941       15.0941
     2655689       15.0557
     2658437       15.0174
     2661185       14.9791
     2663933       14.9408
     2666681       14.9025
     2669429       14.8642
     2672177       14.8259
     2674925       14.7876
     2677673       14.7494
     2680421       14.7111
     2683169       14.6729
     2685917       14.6347
     2688665       14.5965
     2691412       14.5585
     2694160       14.5203
     2696908       14.4822
     2699656       14.4440
     2702404       14.4058
     2705152       14.3677
     2707900       14.3295
     2710648       14.2914
     2713396       14.2533
     2716144       14.2152
     2718892       14.1771
     2721640       14.1390
     2724388       14.1009
     2727136       14.0628
     2729884       14.0248
     2732632       13.9867
     2735380       13.9487
     2738128       13.9106
     2740876       13.8726
     2743624       13.8346
     2746372       13.7966
     2749119       13.7589
     2751867       13.7209
     2754615       13.6829
     2757363       13.6450
     2760111       13.6070
     2762859       13.5691
     2765607       13.5311
     2768355       13.4932
     2771103       13.4553
     2773851       13.4174
     2776599       13.3795
     2779347       13.3416
     2782095       13.3037
     2784843       13.2658
     2787591       13.2280
     2790339       13.1901
     2793087       13.1523
     2795835       13.1145
     2798583       13.0766
     2801331       13.0388
     2804079       13.0010
     2806826       12.9635
     2809574       12.9257
     2812322       12.8879
     2815070       12.8501
     2817818       12.8124
     2820566       12.7746
     2823314       12.7369
     2826062       12.6991
     2828810       12.6614
     2831558       12.6237
     2834306       12.5860
     2837054       12.5483
     2839802       12.5106
     2842550       12.4729
     2845298       12.4352
     2848046       12.3976
     2850794       12.3599
     2853542       12.3223
     2856290       12.2846
     2859038       12.2470
     2861786       12.2094
     2864534       12.1718
     2867282       12.1342
     2870029       12.0968
     2872777       12.0592
     2875525       12.0216
     2878273       11.9841
     2881021       11.9465
     2883769       11.9089
     2886517       11.8714
     2889265       11.8339
     2892013       11.7963
     2894761       11.7588
     2897509       11.7213
     2900257       11.6838
     2903005       11.6463
     2905753       11.6088
     2908501       11.5713
     2911249       11.5338
     2913997       11.4964
     2916745       11.4589
     2919493       11.4214
     2922241       11.3840
     2924989       11.3466
     2927737       11.3091
     2930485       11.2717
     2933233       11.2343
     2935981       11.1969
     2938728       11.1597
     2941476       11.1223
     2944224       11.0849
     2946972       11.0476
     2949720       11.0102
     2952468       10.9728
     2955216       10.9355
     2957964       10.8981
     2960712       10.8608
     2963460       10.8235
     2966208       10.7861
     2968956       10.7488
     2971704       10.7115
     2974452       10.6742
     2977200       10.6369
     2979948       10.5996
     2982696       10.5623
     2985444       10.5251
     2988192       10.4878
     2990940       10.4505
     2993688       10.4133
     2996436       10.3760
     2999184       10.3388
     3001932       10.3016
     3004680       10.2643
     3007428       10.2271
     3010176       10.1899
     3012924       10.1527
     3015671       10.1157
     3018419       10.0785
     3021167       10.0413
     3023915       10.0041
     3026663       9.96697
     3029411       9.92981
     3032159       9.89265
     3034907       9.85550
     3037655       9.81835
     3040403       9.78122
     3043151       9.74408
     3045899       9.70696
     3048647       9.66984
     3051395       9.63273
     3054143       9.59562
     3056891       9.55852
     3059639       9.52143
     3062387       9.48434
     3065135       9.44726
     3067883       9.41019
     3070631       9.37312
     3073379       9.33606
     3076127       9.29901
     3078875       9.26196
     3081623       9.22491
     3084371       9.18788
     3087119       9.15085
     3089867       9.11382
     3092615       9.07680
     3095363       9.03979
     3098110       9.00296
     3100858       8.96596
     3103606       8.92896
     3106354       8.89197
     3109102       8.85499
     3111850       8.81801
     3114598       8.78104
     3117346       8.74407
     3120094       8.70711
     3122842       8.67016
     3125590       8.63321
     3128338       8.59627
     3131086       8.55933
     3133834       8.52240
     3136582       8.48547
     3139330       8.44855
     3142078       8.41164
     3144826       8.37473
     3147574       8.33782
     3150322       8.30093
     3153070       8.26403
     3155818       8.22715
     3158566       8.19027
     3161314       8.15339
     3164062       8.11652
     3166810       8.07965
     3169558       8.04279
     3172306       8.00594
     3175054       7.96909
     3177802       7.93224
     3180550       7.89540
     3183298       7.85857
     3186046       7.82174
     3188794       7.78492
     3191542       7.74810
     3194289       7.71143
     3197037       7.67462
     3199785       7.63782
     3202533       7.60102
     3205281       7.56422
     3208029       7.52743
     3210777       7.49065
     3213525       7.45387
     3216273       7.41710
     3219021       7.38033
     3221769       7.34356
     3224517       7.30680
     3227265       7.27004
     3230013       7.23329
     3232761       7.19655
     3235509       7.15981
     3238257       7.12307
     3241005       7.08634
     3243753       7.04961
     3246501       7.01289
     3249249       6.97617
     3251997       6.93946
     3254745       6.90275
     3257493       6.86604
     3260241       6.82934
     3262989       6.79265
     3265737       6.75596
     3268485       6.71927
     3271233       6.68259
     3273981       6.64591
     3276729       6.60924
     3279477       6.57257
     3282225       6.53590
     3284973       6.49924
     3287721       6.46258
     3290469       6.42593
     3293217       6.38928
     3295965       6.35264
     3298713       6.31600
     3301461       6.27936
     3304209       6.24273
     3306957       6.20610
     3309704       6.16960
     3312452       6.13297
     3315200       6.09636
     3317948       6.05975
     3320696       6.02314
     3323444       5.98653
     3326192       5.94993
     3328940       5.91333
     3331688       5.87674
     3334436       5.84015
     3337184       5.80357
     3339932       5.76698
     3342680       5.73041
     3345428       5.69383
     3348176       5.65726
     3350924       5.62069
     3353672       5.58413
     3356420       5.54757
     3359168       5.51101
     3361916       5.47446
     3364664       5.43791
     3367412       5.40137
     3370160       5.36482
     3372908       5.32828
     3375656       5.29175
     3378404       5.25522
     3381152       5.21869
     3383900       5.18216
     3386648       5.14564
     3389396       5.10912
     3392144       5.07261
     3394892       5.03610
     3397640       4.99959
     3400388       4.96308
     3403136       4.92658
     3405884       4.89008
     3408632       4.85358
     3411380       4.81709
     3414128       4.78060
     3416876       4.74411
     3419624       4.70763
     3422372       4.67115
     3425120       4.63467
     3427868       4.59820
     3430616       4.56173
     3433364       4.52526
     3436112       4.48879
     3438860       4.45233
     3441608       4.41587
     3444356       4.37941
     3447104       4.34296
     3449852       4.30650
     3452600       4.27006
     3455348       4.23361
     3458096       4.19717
     3460844       4.16072
     3463592       4.12429
     3466340       4.08785
     3469087       4.05149
     3471835       4.01506
     3474583       3.97864
     3477331       3.94221
     3480079       3.90579
     3482827       3.86936
     3485575       3.83295
     3488323       3.79653
     3491071       3.76012
     3493819       3.72371
     3496567       3.68730
     3499315       3.65089
     3502063       3.61449
     3504811       3.57808
     3507559       3.54169
     3510307       3.50529
     3513055       3.46889
     3515803       3.43250
     3518551       3.39611
     3521299       3.35972
     3524047       3.32334
     3526795       3.28695
     3529543       3.25057
     3532291       3.21419
     3535039       3.17781
     3537787       3.14144
     3540535       3.10506
     3543283       3.06869
     3546031       3.03232
     3548779       2.99595
     3551527       2.95959
     3554275       2.92322
     3557023       2.88686
     3559771       2.85050
     3562519       2.81414
     3565267       2.77778
     3568015       2.74143
     3570763       2.70508
     3573511       2.66872
     3576259       2.63237
     3579007       2.59603
     3581755       2.55968
     3584503       2.52333
     3587251       2.48699
     3589999       2.45065
     3592747       2.41431
     3595495       2.37797
     3598243       2.34163
     3600991       2.30530
     3603739       2.26896
     3606487       2.23263
     3609235       2.19630
     3611983       2.15997
     3614731       2.12364
     3617479       2.08731
     3620227       2.05099
     3622975       2.01466
     3625723       1.97834
     3628471       1.94202
     3631219       1.90570
     3633967       1.86938
     3636715       1.83306
     3639463       1.79674
     3642211       1.76043
     3644959       1.72411
     3647707       1.68780
     3650455       1.65148
     3653203       1.61517
     3655951       1.57886
     3658699       1.54255
     3661447       1.50624
     3664195       1.46994
     3666943       1.43363
     3669691       1.39732
     3672439       1.36102
     3675187       1.32471
     3677935       1.28841
     3680683       1.25211
     3683431       1.21581
     3686179       1.17950
     3688927       1.14320
     3691675       1.10691
     3694423       1.07061
     3697171       1.03431
     3699919      0.998011
     3702667      0.961714
     3705415      0.925418
     3708163      0.889122
     3710911      0.852827
     3713659      0.816533
     3716407      0.780239
     3719155      0.743945
     3721903      0.707652
     3724651      0.671360
     3727399      0.635068
     3730147      0.598776
     3732895      0.562485
     3735643      0.526194
     3738391      0.489903
     3741139      0.453613
     3743887      0.417322
     3746635      0.381033
     3749383      0.344743
     3752131      0.308454
     3754879      0.272165
     3757627      0.235876
     3760375      0.199587
     3763123      0.163298
     3765871      0.127010
     3768619     0.0907211
     3771367     0.0544326
     3774115     0.0181442
     3776863    -0.0181442
     3779611    -0.0544326
     3782359    -0.0907211
     3785107     -0.127010
     3787855     -0.163298
     3790603     -0.199587
     3793351     -0.235876
     3796099     -0.272165
     3798847     -0.308454
     3801595     -0.344743
     3804343     -0.381033
     3807091     -0.417322
     3809839     -0.453613
     3812587     -0.489903
     3815335     -0.526194
     3818083     -0.562485
     3820831     -0.598776
     3823579     -0.635068
     3826327     -0.671360
     3829075     -0.707652
     3831823     -0.743945
     3834571     -0.780239
     3837319     -0.816533
     3840067     -0.852827
     3842815     -0.889122
     3845563     -0.925418
     3848311     -0.961714
     3851059     -0.998011
     3853807      -1.03431
     3856555      -1.07061
     3859303      -1.10691
     3862051      -1.14320
     3864799      -1.17950
     3867547      -1.21581
     3870295      -1.25211
     3873043      -1.28841
     3875791      -1.32471
     3878539      -1.36102
     3881287      -1.39732
     3884035      -1.43363
     3886783      -1.46994
     3889531      -1.50624
     3892279      -1.54255
     3895027      -1.57886
     3897775      -1.61517
     3900523      -1.65148
     3903271      -1.68780
     3906019      -1.72411
     3908767      -1.76043
     3911515      -1.79674
     3914263      -1.83306
     3917011      -1.86938
     3919759      -1.90570
     3922507      -1.94202
     3925255      -1.97834
     3928003      -2.01466
     3930751      -2.05099
     3933499      -2.08731
     3936247      -2.12364
     3938995      -2.15997
     3941743      -2.19630
     3944491      -2.23263
     3947239      -2.26896
     3949987      -2.30530
     3952735      -2.34163
     3955483      -2.37797
     3958231      -2.41431
     3960979      -2.45065
     3963727      -2.48699
     3966475      -2.52333
     3969223      -2.55968
     3971971      -2.59603
     3974719      -2.63237
     3977467      -2.66872
     3980215      -2.70508
     3982963      -2.74143
     3985711      -2.77778
     3988459      -2.81414
     3991207      -2.85050
     3993955      -2.88686
     3996703      -2.92322
     3999451      -2.95959
     4002199      -2.99595
     4004947      -3.03232
     4007695      -3.06869
     4010443      -3.10506
     4013191      -3.14144
     4015939      -3.17781
     4018687      -3.21419
     4021435      -3.25057
     4024183      -3.28695
     4026931      -3.32334
     4029679      -3.35972
     4032427      -3.39611
     4035175      -3.43250
     4037923      -3.46889
     4040671      -3.50529
     4043419      -3.54169
     4046167      -3.57808
     4048915      -3.61449
     4051663      -3.65089
     4054411      -3.68730
     4057159      -3.72371
     4059907      -3.76012
     4062655      -3.79653
     4065403      -3.83295
     4068151      -3.86936
     4070899      -3.90579
     4073647      -3.94221
     4076395      -3.97864
     4079143      -4.01506
     4081891      -4.05149
     4084640      -4.08785
     4087388      -4.12429
     4090136      -4.16072
     4092884      -4.19717
     4095632      -4.23361
     4098380      -4.27006
     4101128      -4.30650
     4103876      -4.34296
     4106624      -4.37941
     4109372      -4.41587
     4112120      -4.45233
     4114868      -4.48879
     4117616      -4.52526
     4120364      -4.56173
     4123112      -4.59820
     4125860      -4.63467
     4128608      -4.67115
     4131356      -4.70763
     4134104      -4.74411
     4136852      -4.78060
     4139600      -4.81709
     4142348      -4.85358
     4145096      -4.89008
     4147844      -4.92658
     4150592      -4.96308
     4153340      -4.99959
