     2314816       19.9675
     2317564       19.9274
     2320312       19.8873
     2323060       19.8472
     2325808       19.8071
     2328556       19.7670
     2331303       19.7276
     2334051       19.6876
     2336799       19.6475
     2339547       19.6075
     2342295       19.5676
     2345043       19.5276
     2347791       19.4876
     2350539       19.4477
     2353287       19.4078
     2356034       19.3685
     2358782       19.3286
     2361530       19.2887
     2364278       19.2488
     2367026       19.2090
     2369774       19.1691
     2372522       19.1293
     2375270       19.0895
     2378018       19.0497
     2380766       19.0100
     2383513       18.9708
     2386261       18.9311
     2389009       18.8913
     2391757       18.8516
     2394505       18.8119
     2397253       18.7722
     2400001       18.7326
     2402749       18.6929
     2405497       18.6533
     2408244       18.6142
     2410992       18.5746
     2413740       18.5350
     2416488       18.4954
     2419236       18.4559
     2421984       18.4163
     2424732       18.3768
     2427480       18.3372
     2430228       18.2977
     2432976       18.2582
     2435723       18.2193
     2438471       18.1798
     2441219       18.1404
     2443967       18.1009
     2446715       18.0615
     2449463       18.0221
     2452211       17.9827
     2454959       17.9433
     2457707       17.9039
     2460455       17.8646
     2463203       17.8252
     2465950       17.7864
     2468698       17.7471
     2471446       17.7078
     2474194       17.6685
     2476942       17.6292
     2479690       17.5900
     2482438       17.5507
     2485186       17.5115
     2487934       17.4723
     2490682       17.4330
     2493429       17.3944
     2496177       17.3552
     2498925       17.3160
     2501673       17.2769
     2504421       17.2377
     2507169       17.1986
     2509917       17.1595
     2512665       17.1204
     2515413       17.0813
     2518161       17.0422
     2520909       17.0031
     2523656       16.9646
     2526404       16.9255
     2529152       16.8865
     2531900       16.8475
     2534648       16.8085
     2537396       16.7695
     2540144       16.7305
     2542892       16.6915
     2545640       16.6526
     2548388       16.6136
     2551136       16.5747
     2553883       16.5363
     2556631       16.4974
     2559379       16.4585
     2562127       16.4196
     2564875       16.3807
     2567623       16.3419
     2570371       16.3030
     2573119       16.2642
     2575867       16.2254
     2578615       16.1866
     2581363       16.1478
     2584110       16.1095
     2586858       16.0707
     2589606       16.0319
     2592354       15.9932
     2595102       15.9545
     2597850       15.9157
     2600598       15.8770
     2603346       15.8383
     2606094       15.7996
     2608842       15.7609
     2611590       15.7223
     2614338       15.6836
     2617085       15.6454
     2619833       15.6068
     2622581       15.5682
     2625329       15.5296
     2628077       15.4910
     2630825       15.4524
     2633573       15.4138
     2636321       15.3752
     2639069       15.3367
     2641817       15.2981
     2644565       15.2596
     2647313       15.2211
     2650060       15.1830
     2652808       15.1445
     2655556       15.1060
     2658304       15.0676
     2661052       15.0291
     2663800       14.9906
     2666548       14.9522
     2669296       14.9138
     2672044       14.8753
     2674792       14.8369
     2677540       14.7985
     2680288       14.7601
     2683036       14.7217
     2685783       14.6838
     2688531       14.6455
     2691279       14.6071
     2694027       14.5688
     2696775       14.5304
     2699523       14.4921
     2702271       14.4538
     2705019       14.4155
     2707767       14.3772
     2710515       14.3390
     2713263       14.3007
     2716011       14.2624
     2718759       14.2242
     2721506       14.1864
     2724254       14.1482
     2727002       14.1099
     2729750       14.0717
     2732498       14.0335
     2735246       13.9954
     2737994       13.9572
     2740742       13.9190
     2743490       13.8809
     2746238       13.8427
     2748986       13.8046
     2751734       13.7665
     2754482       13.7283
     2757229       13.6906
     2759977       13.6526
     2762725       13.6145
     2765473       13.5764
     2768221       13.5383
     2770969       13.5003
     2773717       13.4622
     2776465       13.4242
     2779213       13.3861
     2781961       13.3481
     2784709       13.3101
     2787457       13.2721
     2790205       13.2341
     2792953       13.1961
     2795700       13.1586
     2798448       13.1206
     2801196       13.0826
     2803944       13.0447
     2806692       13.0067
     2809440       12.9688
     2812188       12.9309
     2814936       12.8930
     2817684       12.8551
     2820432       12.8172
     2823180       12.7793
     2825928       12.7414
     2828676       12.7036
     2831424       12.6657
     2834172       12.6279
     2836919       12.5904
     2839667       12.5526
     2842415       12.5148
     2845163       12.4769
     2847911       12.4391
     2850659       12.4013
     2853407       12.3636
     2856155       12.3258
     2858903       12.2880
     2861651       12.2502
     2864399       12.2125
     2867147       12.1748
     2869895       12.1370
     2872643       12.0993
     2875391       12.0616
     2878138       12.0242
     2880886       11.9865
     2883634       11.9488
     2886382       11.9111
     2889130       11.8735
     2891878       11.8358
     2894626       11.7981
     2897374       11.7605
     2900122       11.7228
     2902870       11.6852
     2905618       11.6476
     2908366       11.6099
     2911114       11.5723
     2913862       11.5347
     2916610       11.4971
     2919358       11.4595
     2922105       11.4223
     2924853       11.3847
     2927601       11.3472
     2930349       11.3096
     2933097       11.2721
     2935845       11.2345
     2938593       11.1970
     2941341       11.1595
     2944089       11.1219
     2946837       11.0844
     2949585       11.0469
     2952333       11.0094
     2955081       10.9719
     2957829       10.9345
     2960577       10.8970
     2963325       10.8595
     2966073       10.8221
     2968820       10.7849
     2971568       10.7475
     2974316       10.7100
     2977064       10.6726
     2979812       10.6352
     2982560       10.5978
     2985308       10.5604
     2988056       10.5230
     2990804       10.4856
     2993552       10.4482
     2996300       10.4108
     2999048       10.3734
     3001796       10.3361
     3004544       10.2987
     3007292       10.2613
     3010040       10.2240
     3012788       10.1867
     3015536       10.1493
     3018284       10.1120
     3021031       10.0750
     3023779       10.0377
     3026527       10.0004
     3029275       9.96309
     3032023       9.92579
     3034771       9.88851
     3037519       9.85123
     3040267       9.81396
     3043015       9.77670
     3045763       9.73944
     3048511       9.70219
     3051259       9.66494
     3054007       9.62771
     3056755       9.59048
     3059503       9.55325
     3062251       9.51603
     3064999       9.47882
     3067747       9.44162
     3070495       9.40442
     3073242       9.36751
     3075990       9.33032
     3078738       9.29314
     3081486       9.25596
     3084234       9.21879
     3086982       9.18163
     3089730       9.14447
     3092478       9.10732
     3095226       9.07018
     3097974       9.03304
     3100722       8.99591
     3103470       8.95879
     3106218       8.92167
     3108966       8.88455
     3111714       8.84744
     3114462       8.81034
     3117210       8.77325
     3119958       8.73616
     3122706       8.69907
     3125454       8.66199
     3128202       8.62492
     3130949       8.58811
     3133697       8.55105
     3136445       8.51400
     3139193       8.47694
     3141941       8.43990
     3144689       8.40286
     3147437       8.36583
     3150185       8.32880
     3152933       8.29178
     3155681       8.25476
     3158429       8.21775
     3161177       8.18074
     3163925       8.14374
     3166673       8.10675
     3169421       8.06976
     3172169       8.03277
     3174917       7.99579
     3177665       7.95882
     3180413       7.92185
     3183161       7.88489
     3185909       7.84793
     3188657       7.81098
     3191405       7.77403
     3194153       7.73709
     3196900       7.70039
     3199648       7.66345
     3202396       7.62652
     3205144       7.58960
     3207892       7.55268
     3210640       7.51577
     3213388       7.47886
     3216136       7.44196
     3218884       7.40506
     3221632       7.36817
     3224380       7.33128
     3227128       7.29440
     3229876       7.25752
     3232624       7.22065
     3235372       7.18378
     3238120       7.14691
     3240868       7.11006
     3243616       7.07320
     3246364       7.03635
     3249112       6.99951
     3251860       6.96267
     3254608       6.92583
     3257356       6.88900
     3260104       6.85217
     3262852       6.81535
     3265600       6.77853
     3268347       6.74192
     3271095       6.70511
     3273843       6.66830
     3276591       6.63150
     3279339       6.59471
     3282087       6.55791
     3284835       6.52113
     3287583       6.48434
     3290331       6.44756
     3293079       6.41079
     3295827       6.37402
     3298575       6.33725
     3301323       6.30049
     3304071       6.26373
     3306819       6.22697
     3309567       6.19022
     3312315       6.15348
     3315063       6.11674
     3317811       6.08000
     3320559       6.04326
     3323307       6.00653
     3326055       5.96981
     3328803       5.93309
     3331551       5.89637
     3334299       5.85965
     3337047       5.82294
     3339795       5.78623
     3342543       5.74953
     3345291       5.71283
     3348039       5.67614
     3350787       5.63944
     3353534       5.60292
     3356282       5.56624
     3359030       5.52956
     3361778       5.49288
     3364526       5.45620
     3367274       5.41953
     3370022       5.38286
     3372770       5.34620
     3375518       5.30954
     3378266       5.27288
     3381014       5.23623
     3383762       5.19958
     3386510       5.16293
     3389258       5.12629
     3392006       5.08965
     3394754       5.05301
     3397502       5.01638
     3400250       4.97975
     3402998       4.94312
     3405746       4.90650
     3408494       4.86988
     3411242       4.83326
     3413990       4.79664
     3416738       4.76003
     3419486       4.72343
     3422234       4.68682
     3424982       4.65022
     3427730       4.61362
     3430478       4.57702
     3433226       4.54043
     3435974       4.50384
     3438722       4.46725
     3441470       4.43067
     3444218       4.39409
     3446966       4.35751
     3449714       4.32094
     3452462       4.28436
     3455210       4.24779
     3457958       4.21123
     3460706       4.17466
     3463453       4.13822
     3466201       4.10166
     3468949       4.06510
     3471697       4.02855
     3474445       3.99200
     3477193       3.95545
     3479941       3.91890
     3482689       3.88236
     3485437       3.84582
     3488185       3.80928
     3490933       3.77274
     3493681       3.73620
     3496429       3.69967
     3499177       3.66314
     3501925       3.62662
     3504673       3.59009
     3507421       3.55357
     3510169       3.51705
     3512917       3.48053
     3515665       3.44401
     3518413       3.40750
     3521161       3.37099
     3523909       3.33448
     3526657       3.29797
     3529405       3.26147
     3532153       3.22496
     3534901       3.18846
     3537649       3.15197
     3540397       3.11547
     3543145       3.07897
     3545893       3.04248
     3548641       3.00599
     3551389       2.96950
     3554137       2.93302
     3556885       2.89653
     3559633       2.86005
     3562381       2.82357
     3565129       2.78709
     3567877       2.75061
     3570625       2.71413
     3573373       2.67766
     3576121       2.64119
     3578869       2.60472
     3581617       2.56825
     3584365       2.53178
     3587113       2.49532
     3589861       2.45885
     3592609       2.42239
     3595357       2.38593
     3598105       2.34947
     3600853       2.31301
     3603601       2.27656
     3606349       2.24010
     3609097       2.20365
     3611845       2.16720
     3614593       2.13075
     3617341       2.09430
     3620089       2.05785
     3622837       2.02140
     3625585       1.98496
     3628333       1.94851
     3631081       1.91207
     3633829       1.87563
     3636577       1.83919
     3639325       1.80275
     3642072       1.76637
     3644820       1.72993
     3647568       1.69349
     3650316       1.65706
     3653064       1.62062
     3655812       1.58419
     3658560       1.54775
     3661308       1.51132
     3664056       1.47489
     3666804       1.43846
     3669552       1.40204
     3672300       1.36561
     3675048       1.32918
     3677796       1.29275
     3680544       1.25633
     3683292       1.21991
     3686040       1.18348
     3688788       1.14706
     3691536       1.11064
     3694284       1.07422
     3697032       1.03780
     3699780       1.00138
     3702528      0.964956
     3705276      0.928538
     3708024      0.892120
     3710772      0.855702
     3713520      0.819285
     3716268      0.782869
     3719016      0.746453
     3721764      0.710038
     3724512      0.673623
     3727260      0.637208
     3730008      0.600794
     3732756      0.564380
     3735504      0.527967
     3738252      0.491554
     3741000      0.455141
     3743748      0.418729
     3746496      0.382317
     3749244      0.345905
     3751992      0.309493
     3754740      0.273082
     3757488      0.236671
     3760236      0.200260
     3762984      0.163849
     3765732      0.127438
     3768480     0.0910268
     3771228     0.0546161
     3773976     0.0182054
     3776724    -0.0182054
     3779472    -0.0546161
     3782220    -0.0910268
     3784968     -0.127438
     3787716     -0.163849
     3790464     -0.200260
     3793212     -0.236671
     3795960     -0.273082
     3798708     -0.309493
     3801456     -0.345905
     3804204     -0.382317
     3806952     -0.418729
     3809700     -0.455141
     3812448     -0.491554
     3815196     -0.527967
     3817944     -0.564380
     3820692     -0.600794
     3823440     -0.637208
     3826188     -0.673623
     3828936     -0.710038
     3831684     -0.746453
     3834432     -0.782869
     3837180     -0.819285
     3839928     -0.855702
     3842676     -0.892120
     3845424     -0.928538
     3848172     -0.964956
     3850920      -1.00138
     3853668      -1.03780
     3856416      -1.07422
     3859164      -1.11064
     3861912      -1.14706
     3864660      -1.18348
     3867408      -1.21991
     3870156      -1.25633
     3872904      -1.29275
     3875652      -1.32918
     3878400      -1.36561
     3881148      -1.40204
     3883896      -1.43846
     3886644      -1.47489
     3889392      -1.51132
     3892140      -1.54775
     3894888      -1.58419
     3897636      -1.62062
     3900384      -1.65706
     3903132      -1.69349
     3905880      -1.72993
     3908628      -1.76637
     3911377      -1.80275
     3914125      -1.83919
     3916873      -1.87563
     3919621      -1.91207
     3922369      -1.94851
     3925117      -1.98496
     3927865      -2.02140
     3930613      -2.05785
     3933361      -2.09430
     3936109      -2.13075
     3938857      -2.16720
     3941605      -2.20365
     3944353      -2.24010
     3947101      -2.27656
     3949849      -2.31301
     3952597      -2.34947
     3955345      -2.38593
     3958093      -2.42239
     3960841      -2.45885
     3963589      -2.49532
     3966337      -2.53178
     3969085      -2.56825
     3971833      -2.60472
     3974581      -2.64119
     3977329      -2.67766
     3980077      -2.71413
     3982825      -2.75061
     3985573      -2.78709
     3988321      -2.82357
     3991069      -2.86005
     3993817      -2.89653
     3996565      -2.93302
     3999313      -2.96950
     4002061      -3.00599
     4004809      -3.04248
     4007557      -3.07897
     4010305      -3.11547
     4013053      -3.15197
     4015801      -3.18846
     4018549      -3.22496
     4021297      -3.26147
     4024045      -3.29797
     4026793      -3.33448
     4029541      -3.37099
     4032289      -3.40750
     4035037      -3.44401
     4037785      -3.48053
     4040533      -3.51705
     4043281      -3.55357
     4046029      -3.59009
     4048777      -3.62662
     4051525      -3.66314
     4054273      -3.69967
     4057021      -3.73620
     4059769      -3.77274
     4062517      -3.80928
     4065265      -3.84582
     4068013      -3.88236
     4070761      -3.91890
     4073509      -3.95545
     4076257      -3.99200
     4079005      -4.02855
     4081753      -4.06510
     4084501      -4.10166
     4087249      -4.13822
     4089998      -4.17466
     4092746      -4.21123
     4095494      -4.24779
     4098242      -4.28436
     4100990      -4.32094
     4103738      -4.35751
     4106486      -4.39409
     4109234      -4.43067
     4111982      -4.46725
     4114730      -4.50384
     4117478      -4.54043
     4120226      -4.57702
     4122974      -4.61362
     4125722      -4.65022
     4128470      -4.68682
     4131218      -4.72343
     4133966      -4.76003
     4136714      -4.79664
     4139462      -4.83326
     4142210      -4.86988
     4144958      -4.90650
     4147706      -4.94312
     4150454      -4.97975
