-1812817.08	7709176.65 
-1841075.93	7632366.45 
-1870187.81	7553237.62 
-1900104.29	7471921.82 
-1930778.48	7388546.47 
-1962165.16	7303234.52 
-1994220.78	7216104.34 
-2026903.48	7127269.68 
-2060173.14	7036839.62 
-2093991.32	6944918.64 
-2128321.25	6851606.66 
-2163127.81	6756999.16 
-2198377.46	6661187.29 
-2234038.22	6564258.00 
-2270079.58	6466294.20 
-2306472.47	6367374.90 
-2343189.19	6267575.42 
-2380203.34	6166967.48 
-2417489.78	6065619.43 
-2455024.56	5963596.37 
-2492784.85	5860960.34 
-2530748.91	5757770.48 
-2568895.98	5654083.14 
-2607206.31	5549952.07 
-2645661.02	5445428.55 
-2684242.12	5340561.52 
-2722932.40	5235397.69 
-2761715.45	5129981.71 
-2800575.57	5024356.24 
-2839497.76	4918562.09 
-2878467.63	4812638.30 
-2917471.45	4706622.27 
-2956496.02	4600549.81 
-2995528.72	4494455.26 
-3034557.42	4388371.59 
-3073570.49	4282330.41 
-3112556.74	4176362.11 
-3151505.44	4070495.90 
-3190406.24	3964759.87 
-3229249.19	3859181.08 
-3268024.71	3753785.58 
-3306723.55	3648598.47 
-3345336.82	3543643.99 
-3383855.90	3438945.50 
-3422272.50	3334525.59 
-3460578.57	3230406.09 
-3498766.35	3126608.10 
-3536828.34	3023152.05 
-3574757.24	2920057.73 
-3612546.01	2817344.29 
-3650187.82	2715030.34 
-3687676.01	2613133.90 
-3725004.16	2511672.48 
-3762166.00	2410663.10 
-3799155.46	2310122.28 
-3835966.62	2210066.10 
-3872593.71	2110510.21 
-3909031.14	2011469.86 
-3945273.44	1912959.87 
-3981315.30	1814994.73 
-4017151.51	1717588.53 
-4052777.01	1620755.06 
-4088186.86	1524507.76 
-4123376.23	1428859.76 
-4158340.39	1333823.90 
-4193074.72	1239412.72 
-4227574.71	1145638.50 
-4261835.94	1052513.26 
-4295854.08	960048.75 
-4329624.90	868256.49 
-4363144.24	777147.79 

-1308157.02	7551864.32 
-1328549.04	7472601.88 
-1349556.63	7390946.78 
-1371144.83	7307034.90 
-1393279.80	7220997.70 
-1415928.92	7132962.08 
-1439060.75	7043050.19 
-1462645.10	6951379.40 
-1486653.01	6858062.27 
-1511056.73	6763206.62 
-1535829.74	6666915.57 
-1560946.70	6569287.63 
-1586383.39	6470416.87 
-1612116.75	6370393.01 
-1638124.76	6269301.62 
-1664386.43	6167224.23 
-1690881.79	6064238.55 
-1717591.77	5960418.60 
-1744498.25	5855834.91 
-1771583.93	5750554.67 
-1798832.35	5644641.89 
-1826227.80	5538157.58 
-1853755.32	5431159.92 
-1881400.65	5323704.37 
-1909150.17	5215843.83 
-1936990.89	5107628.81 
-1964910.40	4999107.53 
-1992896.85	4890326.04 
-2020938.92	4781328.37 
-2049025.78	4672156.64 
-2077147.05	4562851.13 
-2105292.81	4453450.43 
-2133453.55	4343991.50 
-2161620.15	4234509.78 
-2189783.87	4125039.28 
-2217936.30	4015612.63 
-2246069.39	3906261.19 
-2274175.38	3797015.10 
-2302246.80	3687903.35 
-2330276.47	3578953.85 
-2358257.49	3470193.49 
-2386183.18	3361648.18 
-2414047.12	3253342.92 
-2441843.09	3145301.83 
-2469565.10	3037548.22 
-2497207.36	2930104.60 
-2524764.26	2822992.75 
-2552230.38	2716233.77 
-2579600.46	2609848.05 
-2606869.43	2503855.39 
-2634032.34	2398274.96 
-2661084.41	2293125.38 
-2688020.98	2188424.71 
-2714837.54	2084190.50 
-2741529.71	1980439.81 
-2768093.21	1877189.24 
-2794523.90	1774454.94 
-2820817.71	1672252.62 
-2846970.72	1570597.61 
-2872979.08	1469504.83 
-2898839.05	1368988.85 
-2924546.97	1269063.87 
-2950099.27	1169743.78 
-2975492.46	1071042.13 
-3000723.14	972972.15 
-3025787.98	875546.80 
-3050683.71	778778.75 
-3075407.15	682680.39 
-3099955.17	587263.85 
-3124324.72	492541.04 
-3148512.79	398523.60 

-790236.36	7446095.05 
-802554.85	7365183.84 
-815245.19	7281830.20 
-828286.27	7196172.83 
-841657.65	7108345.95 
-855339.62	7018479.06 
-869313.18	6926696.88 
-883560.10	6833119.20 
-898062.88	6737860.95 
-912804.77	6641032.17 
-927769.75	6542738.12 
-942942.49	6443079.39 
-958308.39	6342151.98 
-973853.49	6240047.49 
-989564.50	6136853.25 
-1005428.75	6032652.51 
-1021434.17	5927524.59 
-1037569.23	5821545.04 
-1053823.00	5714785.86 
-1070185.02	5607315.64 
-1086645.34	5499199.72 
-1103194.49	5390500.40 
-1119823.42	5281277.04 
-1136523.51	5171586.26 
-1153286.54	5061482.07 
-1170104.67	4951016.03 
-1186970.39	4840237.35 
-1203876.55	4729193.05 
-1220816.31	4617928.08 
-1237783.12	4506485.43 
-1254770.72	4394906.21 
-1271773.12	4283229.82 
-1288784.56	4171493.99 
-1305799.55	4059734.91 
-1322812.79	3947987.26 
-1339819.22	3836284.38 
-1356813.96	3724658.28 
-1373792.33	3613139.72 
-1390749.82	3501758.29 
-1407682.09	3390542.49 
-1424584.97	3279519.77 
-1441454.42	3168716.56 
-1458286.57	3058158.40 
-1475077.66	2947869.91 
-1491824.08	2837874.86 
-1508522.32	2728196.27 
-1525168.99	2618856.35 
-1541760.83	2509876.63 
-1558294.65	2401277.94 
-1574767.39	2293080.48 
-1591176.06	2185303.83 
-1607517.78	2077966.99 
-1623789.72	1971088.40 
-1639989.17	1864685.97 
-1656113.48	1758777.13 
-1672160.05	1653378.80 
-1688126.40	1548507.48 
-1704010.07	1444179.21 
-1719808.67	1340409.63 
-1735519.90	1237213.98 
-1751141.49	1134607.13 
-1766671.22	1032603.58 
-1782106.95	931217.49 
-1797446.57	830462.70 
-1812688.01	730352.73 
-1827829.27	630900.80 
-1842868.37	532119.83 
-1857803.40	434022.49 
-1872632.46	336621.16 
-1887353.71	239927.99 
-1901965.33	143954.85 

-264305.20	7392941.00 
-268425.28	7311201.21 
-272669.74	7226993.98 
-277031.50	7140459.42 
-281503.74	7051733.13 
-286079.86	6960945.95 
-290753.50	6868223.85 
-295518.58	6773687.88 
-300369.23	6677454.12 
-305299.85	6579633.75 
-310305.09	6480333.11 
-315379.82	6379653.80 
-320519.15	6277692.83 
-325718.42	6174542.72 
-330973.18	6070291.71 
-336279.19	5965023.88 
-341632.41	5858819.38 
-347029.01	5751754.53 
-352465.30	5643902.07 
-357937.79	5535331.28 
-363443.17	5426108.18 
-368978.26	5316295.71 
-374540.03	5205953.83 
-380125.60	5095139.74 
-385732.22	4983908.01 
-391357.27	4872310.72 
-396998.23	4760397.60 
-402652.73	4648216.13 
-408318.46	4535811.74 
-413993.24	4423227.84 
-419674.97	4310505.97 
-425361.65	4197685.95 
-431051.36	4084805.87 
-436742.25	3971902.29 
-442432.56	3859010.28 
-448120.58	3746163.49 
-453804.70	3633394.26 
-459483.35	3520733.67 
-465155.01	3408211.63 
-470818.23	3295856.90 
-476471.63	3183697.23 
-482113.85	3071759.33 
-487743.59	2960068.98 
-493359.59	2848651.06 
-498960.66	2737529.59 
-504545.61	2626727.82 
-510113.31	2516268.18 
-515662.67	2406172.44 
-521192.64	2296461.63 
-526702.16	2187156.16 
-532190.27	2078275.81 
-537655.97	1969839.76 
-543098.34	1861866.66 
-548516.47	1754374.60 
-553909.46	1647381.18 
-559276.45	1540903.51 
-564616.61	1434958.24 
-569929.12	1329561.58 
-575213.18	1224729.33 
-580468.01	1120476.88 
-585692.86	1016819.27 
-590886.99	913771.13 
-596049.67	811346.79 
-601180.21	709560.20 
-606277.92	608425.04 
-611342.12	507954.65 
-616372.15	408162.11 
-621367.37	309060.18 
-626327.15	210661.40 
-631250.87	112978.02 
-636137.92	16022.06 
	
264305.20	7392941.00 
268425.28	7311201.21 
272669.74	7226993.98 
277031.50	7140459.42 
281503.74	7051733.13 
286079.86	6960945.95 
290753.50	6868223.85 
295518.58	6773687.88 
300369.23	6677454.12 
305299.85	6579633.75 
310305.09	6480333.11 
315379.82	6379653.80 
320519.15	6277692.83 
325718.42	6174542.72 
330973.18	6070291.71 
336279.19	5965023.88 
341632.41	5858819.38 
347029.01	5751754.53 
352465.30	5643902.07 
357937.79	5535331.28 
363443.17	5426108.18 
368978.26	5316295.71 
374540.03	5205953.83 
380125.60	5095139.74 
385732.22	4983908.01 
391357.27	4872310.72 
396998.23	4760397.60 
402652.73	4648216.13 
408318.46	4535811.74 
413993.24	4423227.84 
419674.97	4310505.97 
425361.65	4197685.95 
431051.36	4084805.87 
436742.25	3971902.29 
442432.56	3859010.28 
448120.58	3746163.49 
453804.70	3633394.26 
459483.35	3520733.67 
465155.01	3408211.63 
470818.23	3295856.90 
476471.63	3183697.23 
482113.85	3071759.33 
487743.59	2960068.98 
493359.59	2848651.06 
498960.66	2737529.59 
504545.61	2626727.82 
510113.31	2516268.18 
515662.67	2406172.44 
521192.64	2296461.63 
526702.16	2187156.16 
532190.27	2078275.81 
537655.97	1969839.76 
543098.34	1861866.66 
548516.47	1754374.60 
553909.46	1647381.18 
559276.45	1540903.51 
564616.61	1434958.24 
569929.12	1329561.58 
575213.18	1224729.33 
580468.01	1120476.88 
585692.86	1016819.27 
590886.99	913771.13 
596049.67	811346.79 
601180.21	709560.20 
606277.92	608425.04 
611342.12	507954.65 
616372.15	408162.11 
621367.37	309060.18 
626327.15	210661.40 
631250.87	112978.02 
636137.92	16022.06 
	
790236.36	7446095.05 
802554.85	7365183.84 
815245.19	7281830.20 
828286.27	7196172.83 
841657.65	7108345.95 
855339.62	7018479.06 
869313.18	6926696.88 
883560.10	6833119.20 
898062.88	6737860.95 
912804.77	6641032.17 
927769.75	6542738.12 
942942.49	6443079.39 
958308.39	6342151.98 
973853.49	6240047.49 
989564.50	6136853.25 
1005428.75	6032652.51 
1021434.17	5927524.59 
1037569.23	5821545.04 
1053823.00	5714785.86 
1070185.02	5607315.64 
1086645.34	5499199.72 
1103194.49	5390500.40 
1119823.42	5281277.04 
1136523.51	5171586.26 
1153286.54	5061482.07 
1170104.67	4951016.03 
1186970.39	4840237.35 
1203876.55	4729193.05 
1220816.31	4617928.08 
1237783.12	4506485.43 
1254770.72	4394906.21 
1271773.12	4283229.82 
1288784.56	4171493.99 
1305799.55	4059734.91 
1322812.79	3947987.26 
1339819.22	3836284.38 
1356813.96	3724658.28 
1373792.33	3613139.72 
1390749.82	3501758.29 
1407682.09	3390542.49 
1424584.97	3279519.77 
1441454.42	3168716.56 
1458286.57	3058158.40 
1475077.66	2947869.91 
1491824.08	2837874.86 
1508522.32	2728196.27 
1525168.99	2618856.35 
1541760.83	2509876.63 
1558294.65	2401277.94 
1574767.39	2293080.48 
1591176.06	2185303.83 
1607517.78	2077966.99 
1623789.72	1971088.40 
1639989.17	1864685.97 
1656113.48	1758777.13 
1672160.05	1653378.80 
1688126.40	1548507.48 
1704010.07	1444179.21 
1719808.67	1340409.63 
1735519.90	1237213.98 
1751141.49	1134607.13 
1766671.22	1032603.58 
1782106.95	931217.49 
1797446.57	830462.70 
1812688.01	730352.73 
1827829.27	630900.80 
1842868.37	532119.83 
1857803.40	434022.49 
1872632.46	336621.16 
1887353.71	239927.99 
1901965.33	143954.85 
	
1308157.02	7551864.32 
1328549.04	7472601.88 
1349556.63	7390946.78 
1371144.83	7307034.90 
1393279.80	7220997.70 
1415928.92	7132962.08 
1439060.75	7043050.19 
1462645.10	6951379.40 
1486653.01	6858062.27 
1511056.73	6763206.62 
1535829.74	6666915.57 
1560946.70	6569287.63 
1586383.39	6470416.87 
1612116.75	6370393.01 
1638124.76	6269301.62 
1664386.43	6167224.23 
1690881.79	6064238.55 
1717591.77	5960418.60 
1744498.25	5855834.91 
1771583.93	5750554.67 
1798832.35	5644641.89 
1826227.80	5538157.58 
1853755.32	5431159.92 
1881400.65	5323704.37 
1909150.17	5215843.83 
1936990.89	5107628.81 
1964910.40	4999107.53 
1992896.85	4890326.04 
2020938.92	4781328.37 
2049025.78	4672156.64 
2077147.05	4562851.13 
2105292.81	4453450.43 
2133453.55	4343991.50 
2161620.15	4234509.78 
2189783.87	4125039.28 
2217936.30	4015612.63 
2246069.39	3906261.19 
2274175.38	3797015.10 
2302246.80	3687903.35 
2330276.47	3578953.85 
2358257.49	3470193.49 
2386183.18	3361648.18 
2414047.12	3253342.92 
2441843.09	3145301.83 
2469565.10	3037548.22 
2497207.36	2930104.60 
2524764.26	2822992.75 
2552230.38	2716233.77 
2579600.46	2609848.05 
2606869.43	2503855.39 
2634032.34	2398274.96 
2661084.41	2293125.38 
2688020.98	2188424.71 
2714837.54	2084190.50 
2741529.71	1980439.81 
2768093.21	1877189.24 
2794523.90	1774454.94 
2820817.71	1672252.62 
2846970.72	1570597.61 
2872979.08	1469504.83 
2898839.05	1368988.85 
2924546.97	1269063.87 
2950099.27	1169743.78 
2975492.46	1071042.13 
3000723.14	972972.15 
3025787.98	875546.80 
3050683.71	778778.75 
3075407.15	682680.39 
3099955.17	587263.85 
3124324.72	492541.04 
3148512.79	398523.60 

1812817.08	7709176.65 
1841075.93	7632366.45 
1870187.81	7553237.62 
1900104.29	7471921.82 
1930778.48	7388546.47 
1962165.16	7303234.52 
1994220.78	7216104.34 
2026903.48	7127269.68 
2060173.14	7036839.62 
2093991.32	6944918.64 
2128321.25	6851606.66 
2163127.81	6756999.16 
2198377.46	6661187.29 
2234038.22	6564258.00 
2270079.58	6466294.20 
2306472.47	6367374.90 
2343189.19	6267575.42 
2380203.34	6166967.48 
2417489.78	6065619.43 
2455024.56	5963596.37 
2492784.85	5860960.34 
2530748.91	5757770.48 
2568895.98	5654083.14 
2607206.31	5549952.07 
2645661.02	5445428.55 
2684242.12	5340561.52 
2722932.40	5235397.69 
2761715.45	5129981.71 
2800575.57	5024356.24 
2839497.76	4918562.09 
2878467.63	4812638.30 
2917471.45	4706622.27 
2956496.02	4600549.81 
2995528.72	4494455.26 
3034557.42	4388371.59 
3073570.49	4282330.41 
3112556.74	4176362.11 
3151505.44	4070495.90 
3190406.24	3964759.87 
3229249.19	3859181.08 
3268024.71	3753785.58 
3306723.55	3648598.47 
3345336.82	3543643.99 
3383855.90	3438945.50 
3422272.50	3334525.59 
3460578.57	3230406.09 
3498766.35	3126608.10 
3536828.34	3023152.05 
3574757.24	2920057.73 
3612546.01	2817344.29 
3650187.82	2715030.34 
3687676.01	2613133.90 
3725004.16	2511672.48 
3762166.00	2410663.10 
3799155.46	2310122.28 
3835966.62	2210066.10 
3872593.71	2110510.21 
3909031.14	2011469.86 
3945273.44	1912959.87 
3981315.30	1814994.73 
4017151.51	1717588.53 
4052777.01	1620755.06 
4088186.86	1524507.76 
4123376.23	1428859.76 
4158340.39	1333823.90 
4193074.72	1239412.72 
4227574.71	1145638.50 
4261835.94	1052513.26 
4295854.08	960048.75 
4329624.90	868256.49 
4363144.24	777147.79 

-3161468.36	6145962.31
-3095932.62	6114448.36
-3030082.79	6083596.10
-2963925.55	6053408.66
-2897467.60	6023889.11
-2830715.70	5995040.44
-2763676.61	5966865.58
-2696357.14	5939367.38
-2628764.11	5912548.64
-2560904.39	5886412.08
-2492784.85	5860960.34
-2424412.41	5836196.02
-2355794.01	5812121.61
-2286936.60	5788739.58
-2217847.18	5766052.28
-2148532.75	5744062.01
-2079000.34	5722771.02
-2009257.01	5702181.46
-1939309.83	5682295.42
-1869165.91	5663114.91
-1798832.35	5644641.89
-1728316.29	5626878.22
-1657624.89	5609825.71
-1586765.32	5593486.09
-1515744.76	5577861.02
-1444570.43	5562952.07
-1373249.54	5548760.78
-1301789.33	5535288.56
-1230197.05	5522536.80
-1158479.96	5510506.78
-1086645.34	5499199.72
-1014700.48	5488616.78
-942652.67	5478759.03
-870509.22	5469627.46
-798277.46	5461223.00
-725964.71	5453546.51
-653578.31	5446598.76
-581125.61	5440380.46
-508613.94	5434892.24
-436050.68	5430134.65
-363443.17	5426108.18
-290798.79	5422813.25
-218124.91	5420250.17
-145428.90	5418419.22
-72718.14	5417320.57
0.00	5416954.34
72718.14	5417320.57
145428.90	5418419.22
218124.91	5420250.17
290798.79	5422813.25
363443.17	5426108.18
436050.68	5430134.65
508613.94	5434892.24
581125.61	5440380.46
653578.31	5446598.76
725964.71	5453546.51
798277.46	5461223.00
870509.22	5469627.46
942652.67	5478759.03
1014700.48	5488616.78
1086645.34	5499199.72
1158479.96	5510506.78
1230197.05	5522536.80
1301789.33	5535288.56
1373249.54	5548760.78
1444570.43	5562952.07
1515744.76	5577861.02
1586765.32	5593486.09
1657624.89	5609825.71
1728316.29	5626878.22
1798832.35	5644641.89
1869165.91	5663114.91
1939309.83	5682295.42
2009257.01	5702181.46
2079000.34	5722771.02
2148532.75	5744062.01
2217847.18	5766052.28
2286936.60	5788739.58
2355794.01	5812121.61
2424412.41	5836196.02
2492784.85	5860960.34
2560904.39	5886412.08
2628764.11	5912548.64
2696357.14	5939367.38
2763676.61	5966865.58
2830715.70	5995040.44
2897467.60	6023889.11
2963925.55	6053408.66
3030082.79	6083596.10
3095932.62	6114448.36
3161468.36	6145962.31
	
-3650609.62	5141735.67
-3574934.21	5105345.89
-3498896.12	5069720.18
-3422503.05	5034862.16
-3345762.76	5000775.35
-3268683.02	4967463.23
-3191271.67	4934929.16
-3113536.55	4903176.45
-3035485.56	4872208.33
-2957126.60	4842027.92
-2878467.63	4812638.30
-2799516.64	4784042.45
-2720281.62	4756243.26
-2640770.62	4729243.57
-2560991.70	4703046.09
-2480952.97	4677653.51
-2400662.53	4653068.38
-2320128.54	4629293.21
-2239359.16	4606330.40
-2158362.59	4584182.30
-2077147.05	4562851.13
-1995720.77	4542339.08
-1914092.02	4522648.21
-1832269.08	4503780.53
-1750260.25	4485737.95
-1668073.85	4468522.30
-1585718.22	4452135.33
-1503201.71	4436578.70
-1420532.70	4421853.99
-1337719.57	4407962.69
-1254770.72	4394906.21
-1171694.57	4382685.88
-1088499.55	4371302.94
-1005194.10	4360758.53
-921786.67	4351053.74
-838285.72	4342189.54
-754699.72	4334166.84
-671037.15	4326986.45
-587306.51	4320649.09
-503516.28	4315155.41
-419674.97	4310505.97
-335791.08	4306701.24
-251873.12	4303741.61
-167929.61	4301627.37
-83969.07	4300358.74
0.00	4299935.85
83969.07	4300358.74
167929.61	4301627.37
251873.12	4303741.61
335791.08	4306701.24
419674.97	4310505.97
503516.28	4315155.41
587306.51	4320649.09
671037.15	4326986.45
754699.72	4334166.84
838285.72	4342189.54
921786.67	4351053.74
1005194.10	4360758.53
1088499.55	4371302.94
1171694.57	4382685.88
1254770.72	4394906.21
1337719.57	4407962.69
1420532.70	4421853.99
1503201.71	4436578.70
1585718.22	4452135.33
1668073.85	4468522.30
1750260.25	4485737.95
1832269.08	4503780.53
1914092.02	4522648.21
1995720.77	4542339.08
2077147.05	4562851.13
2158362.59	4584182.30
2239359.16	4606330.40
2320128.54	4629293.21
2400662.53	4653068.38
2480952.97	4677653.51
2560991.70	4703046.09
2640770.62	4729243.57
2720281.62	4756243.26
2799516.64	4784042.45
2878467.63	4812638.30
2957126.60	4842027.92
3035485.56	4872208.33
3113536.55	4903176.45
3191271.67	4934929.16
3268683.02	4967463.23
3345762.76	5000775.35
3422503.05	5034862.16
3498896.12	5069720.18
3574934.21	5105345.89
3650609.62	5141735.67
	
-4144664.43	4127421.30
-4058747.50	4086106.71
-3972418.80	4045659.60
-3885687.09	4006084.07
-3798561.16	3967384.13
-3711049.85	3929563.72
-3623162.04	3892626.66
-3534906.65	3856576.70
-3446292.63	3821417.51
-3357328.97	3787152.64
-3268024.71	3753785.58
-3178388.88	3721319.71
-3088430.60	3689758.32
-2998158.99	3659104.62
-2907583.21	3629361.72
-2816712.44	3600532.63
-2725555.90	3572620.28
-2634122.85	3545627.50
-2542422.56	3519557.03
-2450464.33	3494411.51
-2358257.49	3470193.49
-2265811.40	3446905.44
-2173135.43	3424549.71
-2080239.00	3403128.57
-1987131.51	3382644.20
-1893822.43	3363098.68
-1800321.21	3344493.98
-1706637.34	3326831.99
-1612780.32	3310114.52
-1518759.69	3294343.24
-1424584.97	3279519.77
-1330265.72	3265645.60
-1235811.51	3252722.14
-1141231.92	3240750.71
-1046536.56	3229732.52
-951735.01	3219668.69
-856836.91	3210560.24
-761851.89	3202408.09
-666789.56	3195213.07
-571659.60	3188975.90
-476471.63	3183697.23
-381235.32	3179377.59
-285960.34	3176017.41
-190656.35	3173617.04
-95333.01	3172176.72
0.00	3171696.60
95333.01	3172176.72
190656.35	3173617.04
285960.34	3176017.41
381235.32	3179377.59
476471.63	3183697.23
571659.60	3188975.90
666789.56	3195213.07
761851.89	3202408.09
856836.91	3210560.24
951735.01	3219668.69
1046536.56	3229732.52
1141231.92	3240750.71
1235811.51	3252722.14
1330265.72	3265645.60
1424584.97	3279519.77
1518759.69	3294343.24
1612780.32	3310114.52
1706637.34	3326831.99
1800321.21	3344493.98
1893822.43	3363098.68
1987131.51	3382644.20
2080239.00	3403128.57
2173135.43	3424549.71
2265811.40	3446905.44
2358257.49	3470193.49
2450464.33	3494411.51
2542422.56	3519557.03
2634122.85	3545627.50
2725555.90	3572620.28
2816712.44	3600532.63
2907583.21	3629361.72
2998158.99	3659104.62
3088430.60	3689758.32
3178388.88	3721319.71
3268024.71	3753785.58
3357328.97	3787152.64
3446292.63	3821417.51
3534906.65	3856576.70
3623162.04	3892626.66
3711049.85	3929563.72
3798561.16	3967384.13
3885687.09	4006084.07
3972418.80	4045659.60
4058747.50	4086106.71
4144664.43	4127421.30
	
-4629341.87	3132359.05
-4533377.81	3086213.13
-4436953.82	3041036.14
-4340079.69	2996832.64
-4242765.25	2953607.13
-4145020.36	2911363.99
-4046854.94	2870107.50
-3948278.96	2829841.86
-3849302.41	2790571.15
-3749935.33	2752299.34
-3650187.82	2715030.34
-3550069.97	2678767.91
-3449591.96	2643515.73
-3348763.98	2609277.38
-3247596.26	2576056.34
-3146099.05	2543855.97
-3044282.66	2512679.55
-2942157.42	2482530.23
-2839733.69	2453411.07
-2737021.85	2425325.03
-2634032.34	2398274.96
-2530775.59	2372263.60
-2427262.09	2347293.59
-2323502.34	2323367.47
-2219506.85	2300487.66
-2115286.19	2278656.47
-2010850.93	2257876.14
-1906211.66	2238148.76
-1801379.00	2219476.34
-1696363.58	2201860.77
-1591176.06	2185303.83
-1485827.11	2169807.22
-1380327.42	2155372.50
-1274687.69	2142001.13
-1168918.64	2129694.47
-1063030.99	2118453.77
-957035.50	2108280.17
-850942.91	2099174.71
-744764.00	2091138.30
-638509.52	2084171.76
-532190.27	2078275.81
-425817.02	2073451.02
-319400.57	2069697.91
-212951.72	2067016.84
-106481.26	2065408.09
0.00	2064871.82
106481.26	2065408.09
212951.72	2067016.84
319400.57	2069697.91
425817.02	2073451.02
532190.27	2078275.81
638509.52	2084171.76
744764.00	2091138.30
850942.91	2099174.71
957035.50	2108280.17
1063030.99	2118453.77
1168918.64	2129694.47
1274687.69	2142001.13
1380327.42	2155372.50
1485827.11	2169807.22
1591176.06	2185303.83
1696363.58	2201860.77
1801379.00	2219476.34
1906211.66	2238148.76
2010850.93	2257876.14
2115286.19	2278656.47
2219506.85	2300487.66
2323502.34	2323367.47
2427262.09	2347293.59
2530775.59	2372263.60
2634032.34	2398274.96
2737021.85	2425325.03
2839733.69	2453411.07
2942157.42	2482530.23
3044282.66	2512679.55
3146099.05	2543855.97
3247596.26	2576056.34
3348763.98	2609277.38
3449591.96	2643515.73
3550069.97	2678767.91
3650187.82	2715030.34
3749935.33	2752299.34
3849302.41	2790571.15
3948278.96	2829841.86
4046854.94	2870107.50
4145020.36	2911363.99
4242765.25	2953607.13
4340079.69	2996832.64
4436953.82	3041036.14
4533377.81	3086213.13
4629341.87	3132359.05
	
-5094742.69	2176872.48
-4989131.09	2126087.39
-4883013.33	2076368.62
-4776400.17	2027721.22
-4669302.42	1980150.12
-4561730.97	1933660.16
-4453696.70	1888256.04
-4345210.60	1843942.38
-4236283.66	1800723.67
-4126926.93	1758604.30
-4017151.51	1717588.53
-3906968.54	1677680.54
-3796389.19	1638884.36
-3685424.69	1601203.93
-3574086.28	1564643.09
-3462385.28	1529205.53
-3350333.00	1494894.85
-3237940.82	1461714.53
-3125220.14	1429667.95
-3012182.39	1398758.34
-2898839.05	1368988.85
-2785201.62	1340362.49
-2671281.61	1312882.18
-2557090.59	1286550.69
-2442640.15	1261370.70
-2327941.89	1237344.77
-2213007.46	1214475.33
-2097848.51	1192764.70
-1982476.72	1172215.09
-1866903.81	1152828.58
-1751141.49	1134607.13
-1635201.51	1117552.59
-1519095.64	1101666.71
-1402835.64	1086951.08
-1286433.33	1073407.20
-1169900.50	1061036.44
-1053248.98	1049840.06
-936490.61	1039819.20
-819637.23	1030974.87
-702700.69	1023307.96
-585692.86	1016819.27
-468625.61	1011509.44
-351510.81	1007379.01
-234360.36	1004428.41
-117186.12	1002657.92
0.00	1002067.74
117186.12	1002657.92
234360.36	1004428.41
351510.81	1007379.01
468625.61	1011509.44
585692.86	1016819.27
702700.69	1023307.96
819637.23	1030974.87
936490.61	1039819.20
1053248.98	1049840.06
1169900.50	1061036.44
1286433.33	1073407.20
1402835.64	1086951.08
1519095.64	1101666.71
1635201.51	1117552.59
1751141.49	1134607.13
1866903.81	1152828.58
1982476.72	1172215.09
2097848.51	1192764.70
2213007.46	1214475.33
2327941.89	1237344.77
2442640.15	1261370.70
2557090.59	1286550.69
2671281.61	1312882.18
2785201.62	1340362.49
2898839.05	1368988.85
3012182.39	1398758.34
3125220.14	1429667.95
3237940.82	1461714.53
3350333.00	1494894.85
3462385.28	1529205.53
3574086.28	1564643.09
3685424.69	1601203.93
3796389.19	1638884.36
3906968.54	1677680.54
4017151.51	1717588.53
4126926.93	1758604.30
4236283.66	1800723.67
4345210.60	1843942.38
4453696.70	1888256.04
4561730.97	1933660.16
4669302.42	1980150.12
4776400.17	2027721.22
4883013.33	2076368.62
4989131.09	2126087.39
5094742.69	2176872.48
	
-5533547.13	1275989.35
-5418839.32	1220830.19
-5303581.76	1166829.19
-5187786.12	1113991.85
-5071464.17	1062323.51
-4954627.71	1011829.42
-4837288.58	962514.70
-4719458.68	914384.35
-4601149.99	867443.26
-4482374.49	821696.20
-4363144.24	777147.79
-4243471.33	733802.56
-4123367.91	691664.91
-4002846.16	650739.12
-3881918.30	611029.32
-3760596.61	572539.57
-3638893.40	535273.75
-3516821.01	499235.65
-3394391.82	464428.93
-3271618.27	430857.11
-3148512.79	398523.60
-3025087.89	367431.69
-2901356.08	337584.53
-2777329.92	308985.14
-2653021.99	281636.43
-2528444.90	255541.17
-2403611.29	230702.01
-2278533.83	207121.47
-2153225.20	184801.95
-2027698.13	163745.69
-1901965.33	143954.85
-1776039.57	125431.43
-1649933.63	108177.31
-1523660.30	92194.24
-1397232.38	77483.84
-1270662.71	64047.60
-1143964.13	51886.89
-1017149.49	41002.95
-890231.66	31396.86
-763223.50	23069.62
-636137.92	16022.06
-508987.80	10254.90
-381786.04	5768.72
-254545.55	2563.98
-127279.23	641.01
0.00	0.00
127279.23	641.01
254545.55	2563.98
381786.04	5768.72
508987.80	10254.90
636137.92	16022.06
763223.50	23069.62
890231.66	31396.86
1017149.49	41002.95
1143964.13	51886.89
1270662.71	64047.60
1397232.38	77483.84
1523660.30	92194.24
1649933.63	108177.31
1776039.57	125431.43
1901965.33	143954.85
2027698.13	163745.69
2153225.20	184801.95
2278533.83	207121.47
2403611.29	230702.01
2528444.90	255541.17
2653021.99	281636.43
2777329.92	308985.14
2901356.08	337584.53
3025087.89	367431.69
3148512.79	398523.60
3271618.27	430857.11
3394391.82	464428.93
3516821.01	499235.65
3638893.40	535273.75
3760596.61	572539.57
3881918.30	611029.32
4002846.16	650739.12
4123367.91	691664.91
4243471.33	733802.56
4363144.24	777147.79
4482374.49	821696.20
4601149.99	867443.26
4719458.68	914384.35
4837288.58	962514.70
4954627.71	1011829.42
5071464.17	1062323.51
5187786.12	1113991.85
5303581.76	1166829.19
5418839.32	1220830.19
5533547.13	1275989.35
-11008781.24	6432553.99
-11008781.24	6432553.99
-11008781.24	6432553.99
-11008781.24	6432553.99
-11008781.24	6432553.99
-11008781.24	6432553.99
-11008781.24	6432553.99
-11008781.24	6432553.99
-11008781.24	6432553.99
-11008781.24	6432553.99
-11008781.24	6432553.99
-11008781.24	6432553.99
