95.9805297851563 35.1180419921875
96.4510803222656 35.1052627563477
96.9571990966797 34.9927597045898
97.062744140625 34.9255447387695
97.3110809326172 34.8291549682617
97.3991394042969 34.8147048950195
97.5391082763672 34.8761596679688
97.5503082275391 34.8762741088867
97.5758056640625 34.8805770874023
97.6158752441406 34.8954772949219
97.6480102539063 34.9130249023438
97.6817779541016 34.9388580322266
97.707275390625 34.9693145751953
97.7539672851563 35.0600433349609
97.7672119140625 35.0891571044922
97.7730407714844 35.0999984741211
97.7772064208984 35.1036071777344
97.7963714599609 35.1094360351563
97.8047027587891 35.109992980957
97.8460998535156 35.1080474853516
97.8944396972656 35.100830078125
97.9638824462891 35.089714050293
97.9835968017578 35.085823059082
97.9935913085938 35.0802764892578
98.0019378662109 35.0727691650391
98.0727691650391 34.9744338989258
98.1347198486328 34.8902740478516
98.2808227539063 34.8394317626953
98.3422088623047 34.8291625976563
98.3666534423828 34.8222198486328
98.3816528320313 34.813606262207
98.3855438232422 34.8097152709961
98.3933258056641 34.7947158813477
98.3986053466797 34.7697143554688
98.4049835205078 34.6477737426758
98.4035949707031 34.6419372558594
98.3991546630859 34.6319351196289
98.3930511474609 34.6233215332031
98.3841552734375 34.6166610717773
98.379150390625 34.5477752685547
98.4933166503906 34.411376953125
98.5022125244141 34.4047088623047
98.6427612304688 34.3491592407227
98.6641540527344 34.3466567993164
98.6969299316406 34.347770690918
98.7144317626953 34.3547134399414
98.7244262695313 34.3672103881836
98.7258148193359 34.3727645874023
98.7249908447266 34.3852691650391
98.7138824462891 34.4344329833984
98.7138824462891 34.4477691650391
98.7244262695313 34.4530487060547
98.8949890136719 34.4666595458984
99.0102691650391 34.4319381713867
99.0160980224609 34.4299926757813
99.0427551269531 34.410270690918
99.0516510009766 34.4036026000977
99.0608062744141 34.3824920654297
99.0658111572266 34.3574981689453
99.0630340576172 34.3460998535156
99.0430450439453 34.2255477905273
99.0416564941406 34.0486068725586
99.0469360351563 34.031379699707
99.1063690185547 33.9111022949219
99.2424774169922 33.7783279418945
99.2630462646484 33.7605514526367
99.3083190917969 33.7358245849609
99.3152618408203 33.7347183227539
99.3435974121094 33.7358245849609
99.3510894775391 33.7369384765625
99.3666534423828 33.7452697753906
99.3755340576172 33.7519378662109
99.3874969482422 33.7761001586914
99.3989868164063 33.8197021484375
99.4208221435547 33.8230514526367
99.4452514648438 33.8233261108398
99.4760894775391 33.8147125244141
99.5241546630859 33.7999954223633
99.5313720703125 33.7919387817383
99.5380401611328 33.7761001586914
99.5460968017578 33.7686004638672
99.5597076416016 33.7663879394531
99.6180419921875 33.7611083984375
99.6422119140625 33.7613830566406
99.6555480957031 33.7647171020508
99.6791534423828 33.7802734375
99.6924743652344 33.7969436645508
99.7052612304688 33.8072128295898
99.7127685546875 33.8083267211914
99.7491455078125 33.8060989379883
99.7552642822266 33.8041610717773
99.8349914550781 33.7744369506836
99.8402709960938 33.7719345092773
100.006942749023 33.6719360351563
100.011383056641 33.6686019897461
100.012496948242 33.6622085571289
100.016662597656 33.6483306884766
100.025817871094 33.6347198486328
100.029434204102 33.6308212280273
100.045257568359 33.6158294677734
100.082214355469 33.5836029052734
100.133880615234 33.5722198486328
100.154983520508 33.5694427490234
100.163314819336 33.5699920654297
100.169143676758 33.5722198486328
100.236099243164 33.6283264160156
100.244140625 33.6355514526367
100.277481079102 33.672492980957
100.283874511719 33.6811065673828
100.288314819336 33.6908264160156
100.286376953125 33.6963806152344
100.276092529297 33.7163848876953
100.273315429688 33.7210998535156
100.312484741211 33.7449951171875
100.384719848633 33.7794342041016
100.468597412109 33.8227691650391
100.623870849609 33.9038772583008
100.654159545898 33.9211044311523
100.678314208984 33.9294357299805
100.775268554688 33.9247131347656
100.781372070313 33.9227676391602
100.785537719727 33.9194412231445
100.796646118164 33.9002685546875
100.800262451172 33.88916015625
100.805816650391 33.8797149658203
100.876922607422 33.7958297729492
100.915542602539 33.7577743530273
100.969436645508 33.7291564941406
100.997482299805 33.7244338989258
101.011932373047 33.7241592407227
101.016662597656 33.7272109985352
101.037490844727 33.7716598510742
101.038040161133 33.7780456542969
101.036102294922 33.7836074829102
101.023880004883 33.801383972168
101.01416015625 33.8291625976563
101.011932373047 33.8416595458984
101.013046264648 33.8541641235352
101.030548095703 33.8813781738281
101.035537719727 33.8799896240234
101.134429931641 33.8491592407227
101.143325805664 33.8424911499023
101.145263671875 33.8369369506836
101.145538330078 33.8244400024414
101.148330688477 33.8194427490234
101.262496948242 33.7177658081055
101.268325805664 33.7158279418945
101.377471923828 33.6927642822266
101.53776550293 33.6969375610352
101.733871459961 33.6838760375977
101.748321533203 33.6822128295898
101.759994506836 33.6783294677734
101.773040771484 33.6680526733398
101.811096191406 33.6297149658203
101.888595581055 33.5455474853516
101.89045715332 33.5353317260742
101.887771606445 33.5147171020508
101.886932373047 33.4897155761719
101.888580322266 33.4841537475586
101.892211914063 33.4799880981445
101.965545654297 33.4038772583008
101.982757568359 33.3902740478516
102.022216796875 33.3605499267578
102.120819091797 33.3324966430664
102.16748046875 33.3333282470703
102.181655883789 33.3355484008789
102.191650390625 33.3422164916992
102.217758178711 33.3622131347656
102.221099853516 33.3663864135742
102.453598022461 33.4691543579102
102.46110534668 33.4697113037109
102.466995239258 33.4677276611328
102.478607177734 33.4602279663086
102.447204589844 33.523323059082
102.343322753906 33.6185989379883
102.325820922852 33.6463851928711
102.323318481445 33.6511001586914
102.321929931641 33.664436340332
102.332214355469 33.6974868774414
102.318878173828 33.7572174072266
102.26416015625 33.8283309936523
102.203872680664 33.9052658081055
102.192749023438 33.9169387817383
102.169143676758 33.9397125244141
102.152206420898 33.9533233642578
102.128311157227 33.9619369506836
102.117752075195 33.9497146606445
102.112487792969 33.9483261108398
102.085540771484 33.9533233642578
102.025268554688 33.9683227539063
101.91081237793 33.9972152709961
101.740264892578 34.0794372558594
101.640548706055 34.1358261108398
101.636108398438 34.1394348144531
101.633605957031 34.144157409668
101.621643066406 34.1669387817383
101.608764648438 34.1895980834961
101.601379394531 34.1916580200195
101.469436645508 34.226936340332
101.422760009766 34.2291564941406
101.394714355469 34.2333297729492
101.228317260742 34.2988815307617
101.201095581055 34.3394317626953
101.195816040039 34.3708267211914
101.168594360352 34.4377670288086
101.146377563477 34.4833297729492
101.135940551758 34.494384765625
101.094711303711 34.5013885498047
100.991088867188 34.5461044311523
100.909149169922 34.6172103881836
100.872482299805 34.7005462646484
100.866928100586 34.7102737426758
100.857482910156 34.7161026000977
100.841934204102 34.7172088623047
100.834426879883 34.7161026000977
100.793869018555 34.6933212280273
100.774154663086 34.6747131347656
100.762496948242 34.6699905395508
100.714996337891 34.6658248901367
100.70832824707 34.6655426025391
100.674987792969 34.6722183227539
100.620529174805 34.6922149658203
100.592483520508 34.7094345092773
100.585266113281 34.7177658081055
100.540817260742 34.7583312988281
100.507217407227 34.7863845825195
100.469436645508 34.8097152709961
100.464157104492 34.8124923706055
100.458038330078 34.8141555786133
100.411102294922 34.8161010742188
100.354705810547 34.8241653442383
100.343322753906 34.8286056518555
100.334426879883 34.8352661132813
100.314697265625 34.8541641235352
100.287200927734 34.911376953125
100.249710083008 35.0294342041016
100.245254516602 35.1161041259766
100.244705200195 35.1461029052734
100.242752075195 35.1969375610352
100.230545043945 35.305549621582
100.196090698242 35.3930511474609
100.191360473633 35.4019317626953
100.166381835938 35.4383239746094
100.185256958008 35.5527725219727
100.297760009766 35.7536087036133
100.301086425781 35.7580490112305
100.376083374023 35.7849960327148
100.383880615234 35.7858276367188
100.400268554688 35.7858276367188
100.441650390625 35.7841644287109
100.512496948242 35.8480453491211
100.529708862305 35.8688812255859
100.535537719727 35.8711013793945
100.599990844727 35.8766555786133
100.605819702148 35.8788757324219
100.716934204102 35.9758224487305
100.725814819336 35.9894332885742
100.728515625 36.0
100.72248840332 36.0227661132813
100.722763061523 36.0361099243164
100.731658935547 36.0497207641602
100.748870849609 36.0705490112305
100.753051757813 36.0741653442383
100.814697265625 36.1016616821289
100.82666015625 36.1063842773438
100.847213745117 36.1111068725586
100.85498046875 36.1119384765625
100.96110534668 36.1149978637695
100.984420776367 36.1136093139648
101.008041381836 36.1052703857422
101.018051147461 36.0991592407227
101.036926269531 36.0794372558594
101.045822143555 36.0727691650391
101.056365966797 36.067497253418
101.142211914063 36.0397186279297
101.148330688477 36.0377731323242
101.162200927734 36.035270690918
101.181930541992 36.0547103881836
101.194976806641 36.0586013793945
101.256378173828 36.0538787841797
101.295532226563 36.0444412231445
101.300262451172 36.0411071777344
101.309143066406 36.027214050293
101.319152832031 36.0211029052734
101.342483520508 36.0197143554688
101.413879394531 36.0277709960938
101.420532226563 36.0294342041016
101.471649169922 36.0444412231445
101.497756958008 36.0652694702148
101.509429931641 36.0769424438477
101.545822143555 36.0966567993164
101.56721496582 36.1074981689453
101.654983520508 36.1361083984375
101.667755126953 36.1399917602539
101.68830871582 36.1444396972656
101.746932983398 36.1494369506836
101.879150390625 36.0963821411133
101.955261230469 36.0419387817383
102.030624389648 35.9589462280273
102.033401489258 35.9542236328125
102.065643310547 35.878662109375
102.070678710938 35.8544921875
102.078460693359 35.8322677612305
102.088195800781 35.8189392089844
102.10237121582 35.8094863891602
102.10986328125 35.8089370727539
102.156265258789 35.8139343261719
102.1865234375 35.83837890625
102.242095947266 35.8569946289063
102.257659912109 35.8586578369141
102.348831176758 35.8594818115234
102.412780761719 35.8591995239258
102.420562744141 35.858642578125
102.469772338867 35.8503036499023
102.486450195313 35.8422470092773
102.504806518555 35.8291931152344
102.511764526367 35.8278045654297
102.727462768555 35.8044662475586
102.7421875 35.8069686889648
102.758331298828 35.8147506713867
102.77278137207 35.8239288330078
102.783615112305 35.8361587524414
102.80500793457 35.8397827148438
102.841430664063 35.8389663696289
102.849212646484 35.8384170532227
102.975387573242 35.8129119873047
103.052352905273 35.792106628418
103.063461303711 35.7873840332031
103.067092895508 35.7832183837891
103.135162353516 35.7748870849609
103.237670898438 35.8254699707031
103.290451049805 35.8546447753906
103.355178833008 35.906867980957
103.355178833008 35.9082565307617
103.202133178711 35.9543838500977
103.198516845703 35.9585494995117
103.194900512695 35.9641036987305
103.199066162109 35.9746551513672
103.219635009766 35.9929885864258
103.234756469727 36.0002288818359
103.36003112793 36.1060028076172
103.385818481445 36.1122131347656
103.407485961914 36.123046875
103.411651611328 36.1263809204102
103.438873291016 36.160270690918
103.443862915039 36.1630477905273
103.449996948242 36.1652679443359
103.466384887695 36.1647109985352
103.647491455078 36.1260986328125
103.664703369141 36.1185989379883
103.673309326172 36.1116638183594
103.684982299805 36.0999984741211
103.696090698242 36.0811080932617
103.70832824707 36.0769424438477
103.894149780273 36.0361099243164
103.909713745117 36.0349960327148
103.925262451172 36.0363845825195
103.969146728516 36.0427703857422
104.025268554688 36.0536041259766
104.030548095703 36.0563812255859
104.039154052734 36.0633239746094
104.051086425781 36.0813827514648
104.044708251953 36.1213760375977
104.040542602539 36.1247100830078
104.009994506836 36.1349945068359
104.009155273438 36.1399917602539
104.013610839844 36.1505432128906
104.028045654297 36.1736068725586
104.031372070313 36.1777725219727
104.189971923828 36.3227691650391
104.195251464844 36.325553894043
104.228866577148 36.3402709960938
104.241088867188 36.3444366455078
104.264434814453 36.3466567993164
104.318054199219 36.3494338989258
104.401931762695 36.3727645874023
104.610809326172 36.4961013793945
104.70832824707 36.5741653442383
104.711654663086 36.5783309936523
104.72248840332 36.6622085571289
104.719146728516 36.6733245849609
104.593872070313 36.8172149658203
104.589706420898 36.8205490112305
104.5302734375 36.8513870239258
104.518325805664 36.8555526733398
104.460540771484 36.8722152709961
104.445816040039 36.8744354248047
104.392761230469 36.8777694702148
104.329986572266 36.8819351196289
104.325546264648 36.8855514526367
104.304428100586 37.0263824462891
104.305816650391 37.1399917602539
104.305816650391 37.1455459594727
104.309417724609 37.1497192382813
104.31526184082 37.1519317626953
104.331939697266 37.1527709960938
104.355545043945 37.1519317626953
104.362762451172 37.1533203125
104.389709472656 37.1597137451172
104.39582824707 37.1616592407227
104.490264892578 37.1938781738281
104.61637878418 37.2580490112305
104.678588867188 37.3005447387695
104.68830871582 37.3066558837891
104.733871459961 37.3330535888672
104.775268554688 37.3338775634766
104.81721496582 37.3405456542969
104.823318481445 37.3427658081055
104.956939697266 37.3924942016602
104.985260009766 37.4174957275391
104.993316650391 37.4252700805664
105.112197875977 37.4811019897461
105.119140625 37.4824905395508
105.275543212891 37.4913787841797
105.47053527832 37.496940612793
105.495819091797 37.4974899291992
105.545684814453 37.4950332641602
105.553863525391 37.4941558837891
105.57666015625 37.496940612793
105.583053588867 37.4988784790039
105.678314208984 37.5341644287109
105.76220703125 37.5577697753906
105.86360168457 37.5749969482422
105.870529174805 37.5763854980469
105.881362915039 37.5816650390625
105.893600463867 37.5927658081055
105.899154663086 37.6024932861328
105.920822143555 37.6413803100586
105.945526123047 37.6988754272461
105.947479248047 37.7044372558594
105.962493896484 37.7488784790039
105.961654663086 37.7988815307617
105.959991455078 37.8116607666016
105.957077026367 37.8233947753906
105.976654052734 37.8544387817383
105.98942565918 37.8724899291992
106.013046264648 37.9027709960938
106.065811157227 37.944709777832
106.085540771484 37.9577713012695
106.096374511719 37.9633255004883
106.112197875977 37.9713745117188
106.118591308594 37.9733200073242
106.126373291016 37.9724884033203
106.133605957031 37.973876953125
106.138885498047 37.9766540527344
106.164993286133 37.9977722167969
106.189147949219 38.0205459594727
106.203048706055 38.0447158813477
106.22248840332 38.0855484008789
106.250823974609 38.1694412231445
106.251098632813 38.1781768798828
106.277694702148 38.2275314331055
106.344146728516 38.2983322143555
106.479705810547 38.3952713012695
106.509719848633 38.4205474853516
106.523315429688 38.435546875
106.528869628906 38.4452667236328
106.548599243164 38.4874954223633
106.552200317383 38.5230484008789
106.545257568359 38.5244369506836
106.535537719727 38.5308227539063
106.516937255859 38.5647125244141
106.516098022461 38.5708312988281
106.517486572266 38.5841598510742
106.524703979492 38.5991592407227
106.603591918945 38.7197113037109
106.633422851563 38.7834167480469
106.678131103516 38.8341522216797
106.696365356445 38.8408279418945
106.710815429688 38.8502731323242
106.79443359375 38.9316635131836
106.845260620117 38.989990234375
106.869705200195 39.0269393920898
106.870819091797 39.033332824707
106.860382080078 39.0560760498047
106.875534057617 39.0972137451172
106.877456665039 39.1027679443359
106.867202758789 39.1224899291992
106.862762451172 39.1258239746094
106.860260009766 39.1308212280273
106.844985961914 39.160270690918
106.741653442383 39.4074935913086
106.755554199219 39.5088882446289
106.763275146484 39.5338973999023
106.769989013672 39.5469436645508
106.779434204102 39.560546875
106.781372070313 39.5661010742188
106.780334472656 39.5810012817383
106.786926269531 39.661376953125
106.763610839844 39.7597198486328
106.718322753906 40.0147171020508
106.779434204102 40.0997161865234
106.858322143555 40.1786041259766
106.869140625 40.1827697753906
106.876373291016 40.1758270263672
106.98664855957 40.2380447387695
107.00749206543 40.2508316040039
107.013046264648 40.2611083984375
107.031936645508 40.3088836669922
107.051376342773 40.3247146606445
107.068054199219 40.3327713012695
107.103591918945 40.339714050293
107.121368408203 40.3469390869141
107.155258178711 40.3838806152344
107.160263061523 40.394157409668
107.161651611328 40.4072113037109
107.16081237793 40.4136047363281
107.144958496094 40.458137512207
107.189147949219 40.4905471801758
107.20832824707 40.522216796875
107.202484130859 40.531379699707
107.200271606445 40.5502700805664
107.201095581055 40.5708312988281
107.203048706055 40.5763854980469
107.209716796875 40.5852661132813
107.260543823242 40.623046875
107.455551147461 40.7027740478516
107.635818481445 40.7730484008789
107.696090698242 40.8161010742188
107.696365356445 40.8230514526367
107.700271606445 40.8269424438477
107.710266113281 40.8366546630859
107.713882446289 40.8399887084961
107.736923217773 40.8499984741211
107.750823974609 40.8541641235352
107.842758178711 40.8661041259766
107.865814208984 40.8683242797852
107.873870849609 40.8674926757813
108.067764282227 40.8424911499023
108.229156494141 40.813606262207
108.309417724609 40.8033218383789
108.326095581055 40.8016586303711
108.369140625 40.8099899291992
108.418045043945 40.8166656494141
108.427200317383 40.8163833618164
108.446365356445 40.8099899291992
108.529159545898 40.7383270263672
108.555541992188 40.7083282470703
108.56721496582 40.6827697753906
108.585266113281 40.6622085571289
108.602203369141 40.6541595458984
108.674896240234 40.6355667114258
108.688583374023 40.613883972168
108.692199707031 40.6097183227539
108.765274047852 40.5580444335938
108.770538330078 40.5549926757813
108.825271606445 40.5386047363281
108.960266113281 40.5183258056641
108.977478027344 40.5169372558594
109.000549316406 40.5197143554688
109.005264282227 40.5230484008789
109.000274658203 40.5461044311523
109.003326416016 40.5508270263672
109.04248046875 40.5516586303711
109.080276489258 40.5422210693359
109.112762451172 40.5324935913086
109.146377563477 40.5161056518555
109.207214355469 40.4827651977539
109.391937255859 40.4677658081055
109.456939697266 40.4863815307617
109.469146728516 40.4908294677734
109.469436645508 40.4961013793945
109.464706420898 40.5199890136719
109.549713134766 40.5378494262695
109.607788085938 40.5446853637695
109.615020751953 40.5430450439453
109.651977539063 40.5093002319336
109.676986694336 40.4860610961914
109.694213867188 40.4716796875
109.708953857422 40.4739608764648
109.74674987793 40.4932861328125
109.830978393555 40.5188522338867
109.892105102539 40.5214996337891
109.972381591797 40.5182342529297
109.979598999023 40.5165710449219
110.000183105469 40.5080261230469
110.060531616211 40.5124969482422
110.156936645508 40.5188827514648
110.233871459961 40.5080490112305
110.296936035156 40.4727630615234
110.386657714844 40.4255523681641
110.601089477539 40.3213806152344
110.875259399414 40.2522201538086
110.890548706055 40.2494354248047
110.984146118164 40.256103515625
110.990539550781 40.2577743530273
111.041656494141 40.2791595458984
111.098602294922 40.2519378662109
111.303588867188 40.1491622924805
111.372756958008 40.0780487060547
111.396377563477 40.0349960327148
111.410263061523 40.0063858032227
111.433319091797 39.9308242797852
111.439697265625 39.9088821411133
111.437484741211 39.9033203125
111.407485961914 39.8430480957031
111.394149780273 39.8172149658203
111.375534057617 39.7888870239258
111.358032226563 39.7669372558594
111.35498046875 39.7622146606445
111.352767944336 39.7566604614258
111.352767944336 39.7372131347656
111.354156494141 39.7316589355469
111.357482910156 39.7272109985352
111.389984130859 39.6969375610352
111.402770996094 39.6858215332031
111.419143676758 39.677490234375
111.423309326172 39.6736068725586
111.456649780273 39.6216583251953
111.458038330078 39.6161041259766
111.457489013672 39.6091613769531
111.424987792969 39.5197143554688
111.422760009766 39.51416015625
111.343597412109 39.4347152709961
111.32666015625 39.4272155761719
111.307479858398 39.4219360351563
111.283050537109 39.4211044311523
111.222763061523 39.426383972168
111.188583374023 39.4266586303711
111.173309326172 39.4252700805664
111.143447875977 39.4157943725586
111.118591308594 39.3980484008789
111.105545043945 39.3808212280273
111.108596801758 39.3763809204102
111.113876342773 39.3733215332031
111.136932373047 39.3694381713867
111.169708251953 39.3613815307617
111.232482910156 39.3060989379883
111.233871459961 39.3002700805664
111.232208251953 39.2941589355469
111.131362915039 39.0777740478516
111.124984741211 39.0683288574219
111.103866577148 39.0497207641602
111.079986572266 39.0336074829102
111.062484741211 39.0269393920898
111.019714355469 39.0199890136719
111.002777099609 39.0122146606445
110.993316650391 39.0058288574219
110.977203369141 38.9830474853516
110.974426269531 38.9705429077148
110.993591308594 38.930549621582
111.002212524414 38.9036026000977
111.000823974609 38.8897171020508
110.994705200195 38.8460998535156
110.993316650391 38.8399887084961
110.968322753906 38.7874984741211
110.943862915039 38.739990234375
110.933868408203 38.7258224487305
110.916656494141 38.7113800048828
110.903594970703 38.6930465698242
110.869979858398 38.6333312988281
110.867752075195 38.6147155761719
110.872482299805 38.6047134399414
110.87776184082 38.5952682495117
110.89860534668 38.5769424438477
110.900817871094 38.5719375610352
110.891372680664 38.5208282470703
110.858322143555 38.4611053466797
110.851089477539 38.4522171020508
110.673034667969 38.313606262207
110.663604736328 38.3072128295898
110.651657104492 38.3027725219727
110.637496948242 38.3008270263672
110.603866577148 38.3022155761719
110.59748840332 38.3005447387695
110.588043212891 38.2938842773438
110.573608398438 38.277214050293
110.507766723633 38.1930465698242
110.503326416016 38.1822128295898
110.501663208008 38.1627655029297
110.494705200195 38.0813827514648
110.5 38.0219345092773
110.51220703125 37.9577713012695
110.514434814453 37.9527740478516
110.519439697266 37.9497146606445
110.560256958008 37.9388809204102
110.571380615234 37.9333267211914
110.591934204102 37.914436340332
110.603866577148 37.8963851928711
110.63053894043 37.8524932861328
110.656936645508 37.8052673339844
110.664154052734 37.7972183227539
110.673599243164 37.7902755737305
110.711380004883 37.7774887084961
110.733596801758 37.7666625976563
110.742752075195 37.7597198486328
110.749145507813 37.751106262207
110.787490844727 37.6660995483398
110.789978027344 37.6549911499023
110.78498840332 37.5672149658203
110.783050537109 37.5538787841797
110.744705200195 37.4691543579102
110.739700317383 37.4591598510742
110.735809326172 37.4549942016602
110.720260620117 37.4466552734375
110.652481079102 37.4333267211914
110.646942138672 37.4308242797852
110.63916015625 37.4227676391602
110.636932373047 37.4172134399414
110.62776184082 37.3883285522461
110.627471923828 37.3813781738281
110.629425048828 37.3758239746094
110.632751464844 37.3713760375977
110.64860534668 37.3630523681641
110.681365966797 37.3530502319336
110.686370849609 37.3499984741211
110.689422607422 37.3455429077148
110.690811157227 37.3399887084961
110.689422607422 37.3336029052734
110.676086425781 37.2938842773438
110.671646118164 37.2827682495117
110.512771606445 37.1061019897461
110.460540771484 37.0491638183594
110.444976806641 37.0408325195313
110.435409545898 37.0381011962891
110.416076660156 37.0288772583008
110.397491455078 36.9877700805664
110.396377563477 36.8999938964844
110.412490844727 36.7994384765625
110.430541992188 36.6994323730469
110.486373901367 36.5813827514648
110.487762451172 36.5758285522461
110.494979858398 36.5216598510742
110.496643066406 36.4963836669922
110.494415283203 36.4760971069336
110.480819702148 36.3980484008789
110.473037719727 36.3752670288086
110.461929321289 36.3555526733398
110.457214355469 36.3374938964844
110.445526123047 36.1633224487305
110.448318481445 36.1324920654297
110.45915222168 36.0872116088867
110.483810424805 36.0
110.560012817383 35.8175201416016
110.561920166016 35.7958297729492
110.56999206543 35.728874206543
110.57470703125 35.6994323730469
110.613906860352 35.6122131347656
110.611923217773 35.6074981689453
110.612487792969 35.5947113037109
110.615264892578 35.5836029052734
110.614761352539 35.5775527954102
110.5556640625 35.457405090332
110.547760009766 35.4372100830078
110.537490844727 35.4244384765625
110.424423217773 35.2919387817383
110.416091918945 35.2844390869141
110.397064208984 35.2699890136719
110.37109375 35.2516632080078
110.359985351563 35.2397155761719
110.337493896484 35.2008285522461
110.33332824707 35.1897125244141
110.318603515625 35.1380462646484
110.298599243164 35.0599899291992
110.274765014648 34.9828414916992
110.261932373047 34.9391555786133
110.23664855957 34.8066558837891
110.235534667969 34.7927703857422
110.235260009766 34.7263793945313
110.235260009766 34.7130508422852
110.243316650391 34.6566543579102
110.281127929688 34.6233444213867
110.286865234375 34.6196594238281
110.294982910156 34.6149978637695
110.308319091797 34.6116638183594
110.526931762695 34.5808258056641
110.534423828125 34.5799942016602
110.652206420898 34.5986022949219
110.658325195313 34.6002731323242
110.712203979492 34.6172103881836
110.740264892578 34.6508255004883
110.75 34.6566543579102
110.772216796875 34.6583251953125
110.846099853516 34.6538772583008
110.869705200195 34.6538772583008
110.883605957031 34.6560974121094
110.902481079102 34.668327331543
110.914428710938 34.6802749633789
110.963043212891 34.7177658081055
111.136108398438 34.8066558837891
111.209991455078 34.8019332885742
111.389434814453 34.8208312988281
111.396377563477 34.821662902832
111.474426269531 34.8369369506836
111.492752075195 34.8422164916992
111.543045043945 34.8624954223633
111.573318481445 34.8852691650391
111.619705200195 34.9399871826172
111.673599243164 35.0022201538086
111.678314208984 35.0052719116211
111.83415222168 35.0794372558594
111.847213745117 35.0822143554688
111.940811157227 35.0936050415039
111.956939697266 35.0919342041016
112.135818481445 35.0188827514648
112.154159545898 35.0058288574219
112.16276550293 34.9977722167969
112.168869018555 34.988883972168
112.171096801758 34.9774856567383
112.176376342773 34.9680480957031
112.180267333984 34.9644393920898
112.191650390625 34.9594345092773
112.235809326172 34.9449920654297
112.241363525391 34.9438781738281
112.288314819336 34.9416580200195
112.479705810547 34.8999938964844
112.49609375 34.8919372558594
112.570831298828 34.8597183227539
112.623306274414 34.8380432128906
112.666091918945 34.8227691650391
112.774703979492 34.7911071777344
112.790542602539 34.7891616821289
112.816665649414 34.7944412231445
112.901931762695 34.8188858032227
112.953323364258 34.8299942016602
112.991928100586 34.8316650390625
113.061996459961 34.8282699584961
113.214294433594 34.898796081543
113.348114013672 34.9639511108398
113.366607666016 34.9675445556641
113.418762207031 35.0019149780273
113.480072021484 34.9884490966797
113.514175415039 34.9699172973633
113.538040161133 34.9730453491211
113.551086425781 34.9691543579102
113.560806274414 34.9630508422852
113.581939697266 34.944709777832
113.592208862305 34.9383239746094
113.661651611328 34.9016571044922
113.724990844727 34.8869400024414
113.740264892578 34.8844375610352
113.854705810547 34.8697128295898
113.867752075195 34.8722152709961
113.944702148438 34.8872146606445
113.957763671875 34.8974914550781
113.963317871094 34.9077682495117
113.971649169922 34.9299926757813
113.979431152344 34.9380416870117
113.991088867188 34.9419326782227
114.008331298828 34.9441528320313
114.185256958008 34.9361038208008
114.192749023438 34.9347152709961
114.204162597656 34.9297180175781
114.217483520508 34.9194412231445
114.228866577148 34.914436340332
114.292205810547 34.8994369506836
114.322494506836 34.8944396972656
114.329437255859 34.8952713012695
114.36637878418 34.9124908447266
114.403594970703 34.9222183227539
114.418045043945 34.9233245849609
114.426651000977 34.922492980957
114.459716796875 34.9127655029297
114.521377563477 34.8988800048828
114.649719238281 34.8924942016602
114.712493896484 34.9041595458984
114.72248840332 34.9097137451172
114.839431762695 35.0172119140625
114.848327636719 35.0319366455078
114.851379394531 35.0441589355469
114.864151000977 35.1330490112305
115.009155273438 35.288330078125
115.015548706055 35.2977752685547
115.020263671875 35.3086013793945
115.025268554688 35.334716796875
115.037200927734 35.3541641235352
115.04443359375 35.3627700805664
115.060806274414 35.3774871826172
115.076385498047 35.3852691650391
115.140548706055 35.4069366455078
115.16943359375 35.4108200073242
115.193862915039 35.4080429077148
115.2158203125 35.4105453491211
115.241363525391 35.4158248901367
115.252212524414 35.4205474853516
115.33415222168 35.4794311523438
115.342758178711 35.4863815307617
115.345260620117 35.4919357299805
115.327209472656 35.531379699707
115.327209472656 35.5377731323242
115.332763671875 35.5477752685547
115.401657104492 35.632209777832
115.414993286133 35.642219543457
115.534149169922 35.7124938964844
115.631927490234 35.73193359375
115.656097412109 35.738883972168
115.669708251953 35.7488784790039
115.689697265625 35.7758255004883
115.704437255859 35.8005447387695
115.723602294922 35.8283309936523
115.736373901367 35.8391571044922
115.747482299805 35.843879699707
115.759994506836 35.8469390869141
115.831939697266 35.8544387817383
115.864990234375 35.8605499267578
115.87580871582 35.8649978637695
115.879974365234 35.8688812255859
115.884155273438 35.8805465698242
115.857482910156 35.9011001586914
115.855545043945 35.9124908447266
115.866088867188 35.9258270263672
115.918594360352 35.9672088623047
115.928314208984 35.9733200073242
115.974151611328 35.9805450439453
115.989974975586 35.9805450439453
115.996643066406 35.9783248901367
116.006103515625 35.9719314575195
116.044799804688 35.9998092651367
116.049133300781 36.0184097290039
116.076919555664 36.1042556762695
116.083862304688 36.1089782714844
116.181365966797 36.1598205566406
116.190948486328 36.1638793945313
116.206649780273 36.1748352050781
116.271377563477 36.2351455688477
116.283050537109 36.2482147216797
116.304977416992 36.2815628051758
116.313034057617 36.2899017333984
116.333053588867 36.3007431030273
116.370529174805 36.3115844726563
116.413040161133 36.3152008056641
116.460266113281 36.339111328125
116.470825195313 36.3446655273438
116.487487792969 36.3591232299805
116.541931152344 36.4066314697266
116.593597412109 36.4666519165039
116.601379394531 36.5188827514648
116.604156494141 36.5244369506836
116.647766113281 36.575553894043
116.767486572266 36.6924896240234
116.799987792969 36.7080459594727
116.858871459961 36.7358245849609
116.87109375 36.7391586303711
116.878311157227 36.7397155761719
116.920822143555 36.7363815307617
116.927764892578 36.7347183227539
116.975296020508 36.7226867675781
116.988311767578 36.7227630615234
116.994430541992 36.7252655029297
117.096939086914 36.7877731323242
117.101654052734 36.7919387817383
117.126083374023 36.8299942016602
117.173599243164 36.9099884033203
117.225540161133 36.9991607666016
117.339981079102 37.0558242797852
117.357482910156 37.0616607666016
117.408874511719 37.0808258056641
117.420257568359 37.0855484008789
117.54914855957 37.147216796875
117.56330871582 37.1560974121094
117.570541381836 37.1649932861328
117.576095581055 37.1752700805664
117.585815429688 37.2058258056641
117.618591308594 37.2449951171875
117.631362915039 37.254997253418
117.637496948242 37.2577743530273
117.654159545898 37.2566604614258
117.68359375 37.2463836669922
117.743041992188 37.2394332885742
117.873031616211 37.2555541992188
117.879425048828 37.2566604614258
117.891662597656 37.2605514526367
117.902481079102 37.2666625976563
117.92414855957 37.2836074829102
117.969711303711 37.3088836669922
118.072219848633 37.3491592407227
118.096939086914 37.3555526733398
118.150543212891 37.3569412231445
118.163604736328 37.3594360351563
118.196640014648 37.3697128295898
118.215270996094 37.3755493164063
118.224426269531 37.3824920654297
118.280548095703 37.4897155761719
118.296371459961 37.5380477905273
118.303863525391 37.5708312988281
118.308731079102 37.5785980224609
118.324996948242 37.589714050293
118.360809326172 37.6013870239258
118.386383056641 37.6069412231445
118.408599853516 37.6091613769531
118.476928710938 37.6016616821289
118.556930541992 37.6219329833984
118.618865966797 37.6647109985352
118.684143066406 37.7277679443359
118.821380615234 37.7769393920898
118.855255126953 37.7916641235352
118.891098022461 37.8191604614258
118.913314819336 37.8291625976563
118.925537109375 37.8249969482422
118.949996948242 37.8083267211914
118.971649169922 37.7977752685547
118.985809326172 37.7947158813477
119.002487182617 37.7936096191406
119.017486572266 37.7955474853516
119.04322052002 37.809627532959

90.5660705566406 34.2680435180664
91.2185821533203 34.3258209228516
91.8202514648438 34.2422103881836
91.9999847412109 34.129150390625
92.16552734375 34.2394256591797
92.6016387939453 34.19970703125
92.6497039794922 34.1191482543945
92.8219146728516 34.0774841308594
92.9402465820313 34.092887878418
93.1927337646484 34.2352600097656
93.6583099365234 34.2105407714844
93.8069152832031 34.257209777832
94.0521850585938 34.5513763427734
94.2546997070313 34.57470703125
94.5477447509766 34.7566528320313
94.921630859375 34.6807250976563
95.002197265625 34.5813751220703
95.3066253662109 34.4549865722656
95.3333129882813 34.4844284057617
95.4830322265625 34.3488693237305
95.5635833740234 34.3274841308594
95.5702514648438 34.2310943603516
95.6674652099609 34.2116546630859
95.9246826171875 33.8905410766602
96.1780242919922 33.7630462646484
96.2121887207031 33.7841567993164
96.2605285644531 33.720817565918
96.3716278076172 33.7655410766602
96.4005279541016 33.6841583251953
96.6199645996094 33.5863723754883
96.6966247558594 33.5472106933594
96.7460784912109 33.3927612304688
96.8524627685547 33.3202667236328
97.0146942138672 33.3158187866211
97.0180358886719 33.2194290161133
97.3844146728516 32.8438720703125
97.3841400146484 32.7772064208984
97.4644165039063 32.6722106933594
98.2108001708984 32.3424835205078
98.2169189453125 32.2455368041992
98.4496917724609 31.9836006164551
98.4466247558594 31.8980445861816
98.4099731445313 31.8794326782227
98.6227416992188 31.5708236694336
98.8771820068359 31.3544425964355
98.7774658203125 31.2297134399414
98.6444244384766 31.3111038208008
98.6066284179688 31.2274894714355
98.7999725341797 30.9841575622559
98.7774658203125 30.8944358825684
98.9527587890625 30.744987487793
98.9058074951172 30.6791572570801
99.0491333007813 29.933048248291
98.9838562011719 29.6755485534668
99.0964050292969 29.2499732971191
99.1160736083984 28.7160987854004
99.1794128417969 28.5186004638672
99.1555328369141 28.4316596984863
99.3985137939453 28.1210517883301
99.4588623046875 27.8508262634277
99.4380187988281 27.7602729797363
99.6483154296875 27.3233261108398
99.9330291748047 27.040828704834
99.9658050537109 26.8827705383301
100.059692382813 26.9494361877441
100.057739257813 27.1666603088379
100.235237121582 27.3344383239746
100.185516357422 27.5102729797363
100.296920776367 27.8252716064453
100.4013671875 27.8430480957031
100.433296203613 27.8011054992676
100.442176818848 27.5105514526367
100.539413452148 27.4374923706055
100.539688110352 27.2197113037109
100.434967041016 27.1897125244141
100.488571166992 27.1388854980469
100.453033447266 26.818603515625
100.38996887207 26.7877731323242
100.449401855469 26.3611030578613
100.407203674316 26.3172149658203
100.448303222656 26.2141571044922
100.938858032227 26.1980476379395
101.055801391602 26.3091583251953
101.455253601074 26.4152679443359
101.444122314453 26.5169410705566
101.508323669434 26.5905494689941
101.614143371582 26.5938835144043
101.683578491211 26.5597190856934
101.798889160156 26.6025505065918
101.839973449707 26.5836029052734
101.941909790039 26.3441581726074
101.877029418945 26.1814460754395
101.828033447266 25.9930458068848
101.864692687988 25.9711036682129
102.066650390625 25.9886016845703
102.107116699219 26.0815963745117
102.25080871582 26.2247161865234
102.564682006836 26.3747138977051
102.623863220215 26.3449935913086
102.602462768555 26.261661529541
102.675796508789 26.2186012268066
102.980529785156 26.3533248901367
103.05940246582 26.5411033630371
102.872192382813 27.0249938964844
102.914688110352 27.1219367980957
102.882461547852 27.275276184082
102.945510864258 27.412769317627
102.993850708008 27.3738822937012
103.141052246094 27.4204635620117
103.178298950195 27.5252723693848
103.499687194824 27.834716796875
103.565521240234 27.9780464172363
103.50496673584 27.976936340332
103.448303222656 28.1194381713867
103.636093139648 28.2663841247559
103.71053314209 28.207763671875
103.87523651123 28.3186073303223
103.789962768555 28.527214050293
103.847747802734 28.6630439758301
103.951637268066 28.6044387817383
104.248580932617 28.6619338989258
104.305801391602 28.621654510498
104.458587646484 28.6383209228516
104.600250244141 28.7797164916992
104.816932678223 28.82666015625
104.918296813965 28.7774887084961
104.984413146973 28.8363800048828
105.019973754883 28.8216590881348
105.011093139648 28.7583236694336
105.101066589355 28.7119369506836
105.147750854492 28.7236022949219
105.153030395508 28.782772064209
105.250259399414 28.7466583251953
105.350517272949 28.7905502319336
105.365516662598 28.8530426025391
105.440406799316 28.8975257873535
105.552749633789 28.9055480957031
105.553298950195 28.9599876403809
105.589973449707 28.9680519104004
105.628570556641 28.8847160339355
105.766647338867 28.9230461120605
105.83268737793 28.8136558532715
105.901641845703 28.8774871826172
105.818588256836 28.9586029052734
105.873291015625 29.0455474853516
106.023857116699 29.1008262634277
106.13996887207 29.0936050415039
106.115516662598 29.1608200073242
106.248016357422 29.2911033630371
106.364410400391 29.2886009216309
106.455810546875 29.3888778686523
106.519973754883 29.4002647399902
106.4921875 29.4697113037109
106.585800170898 29.6108207702637
106.683853149414 29.5686073303223
106.75080871582 29.6147155761719
106.83553314209 29.5844345092773
107.075531005859 29.8205451965332
107.16552734375 29.6902694702148
107.304962158203 29.7427673339844
107.396591186523 29.7243270874023
107.480262756348 29.8324928283691
107.458023071289 29.880542755127
107.490798950195 29.9005470275879
107.61247253418 29.8444366455078
107.718032836914 29.8769378662109
107.849983215332 30.0086059570313
107.942176818848 30.2074890136719
108.072746276855 30.3274879455566
108.089416503906 30.359992980957
108.224411010742 30.4358253479004
108.417739868164 30.7288780212402
108.400802612305 30.8202705383301
108.624397277832 30.946662902832
108.986633300781 30.9369354248047
109.608306884766 31.022216796875
109.654968261719 30.9986000061035
109.949981689453 31.0683288574219
110.243583679199 31.0197143554688
110.544692993164 31.0291557312012
111.136917114258 30.8430480957031
111.426071166992 30.5063781738281
111.445510864258 30.4152679443359
111.515533447266 30.4088821411133
111.50276184082 30.3097114562988
111.551910400391 30.2683258056641
111.613998413086 30.3107299804688
111.659973144531 30.3841552734375
111.854423522949 30.4238815307617
112.013870239258 30.2824935913086
112.214691162109 30.3030433654785
112.273590087891 30.2361030578613
112.189956665039 30.1230430603027
112.206916809082 30.0772171020508
112.331649780273 30.0647163391113
112.42301940918 29.9502639770508
112.371627807617 29.7266578674316
112.571907043457 29.8416595458984
112.599700927734 29.7144317626953
112.632461547852 29.712215423584
112.66219329834 29.8233222961426
112.760528564453 29.7822151184082
112.686630249023 29.7588844299316
112.699127197266 29.7383232116699
112.783386230469 29.7371978759766
112.868850708008 29.7872161865234
112.908576965332 29.7738876342773
112.921630859375 29.6933250427246
113.020248413086 29.7736015319824
112.996284484863 29.6859283447266
112.909408569336 29.6402702331543
112.904922485352 29.5880451202393
112.934692382813 29.4758224487305
113.031646728516 29.5169372558594
113.050796508789 29.4408226013184
113.084381103516 29.4966869354248
113.125816345215 29.4636611938477
113.381294250488 29.7348709106445
113.587860107422 29.8755683898926
113.664413452148 29.9519348144531
113.762191772461 29.9233245849609
113.883766174316 30.0187358856201
114.063858032227 30.0866546630859
114.068862915039 30.1183242797852
113.961639404297 30.1949920654297
113.864967346191 30.183048248291
113.853576660156 30.213321685791
113.906356811523 30.282772064209
113.958023071289 30.2891578674316
114.030532836914 30.225269317627
114.066482543945 30.2536563873291
114.099113464355 30.3384895324707
114.194343566895 30.4479064941406
114.268775939941 30.5212078094482
114.278839111328 30.5627632141113
114.304153442383 30.5891647338867
114.315986633301 30.6083927154541
114.369422912598 30.651927947998
114.401084899902 30.6618232727051
114.438682556152 30.6697387695313
114.488037109375 30.6713409423828
114.502166748047 30.6701622009277
114.517471313477 30.6642799377441
114.537490844727 30.6477890014648
114.566940307617 30.594799041748
114.577529907227 30.5806655883789
114.588119506836 30.5724220275879
114.603439331055 30.5688934326172
114.637588500977 30.5688934326172
114.682327270508 30.5747756958008
114.704727172852 30.581844329834
114.757720947266 30.610107421875
114.776565551758 30.6124610900879
114.797744750977 30.610107421875
114.809524536133 30.606575012207
114.817779541016 30.594799041748
114.822463989258 30.5841979980469
114.823654174805 30.5688934326172
114.822463989258 30.5312042236328
114.817779541016 30.5170745849609
114.816589355469 30.4829254150391
114.817779541016 30.4676170349121
114.823654174805 30.453483581543
114.834243774414 30.4393539428711
114.863693237305 30.4158020019531
114.896667480469 30.4075546264648
114.914337158203 30.4040222167969
114.952011108398 30.3981323242188
114.963790893555 30.4028434753418
114.989700317383 30.406379699707
115.006195068359 30.4040222167969
115.049758911133 30.3804702758789
115.062713623047 30.3710517883301
115.075653076172 30.3439674377441
115.079193115234 30.325122833252
115.072128295898 30.3074569702148
115.060348510742 30.261531829834
115.064002990723 30.2403240203857
115.069938659668 30.2225151062012
115.087745666504 30.2106418609619
115.119407653809 30.2066841125488
115.147117614746 30.2086620330811
115.178771972656 30.204704284668
115.202522277832 30.1908531188965
115.250015258789 30.1532535552979
115.26188659668 30.1413822174072
115.295532226563 30.0978469848633
115.303443908691 30.0741004943848
115.309379577637 30.0404586791992
115.313339233398 30.0266075134277
115.346977233887 29.9989032745361
115.386558532715 29.9573459625244
115.394470214844 29.9415149688721
115.402389526367 29.909854888916
115.412284851074 29.8920440673828
115.426132202148 29.8742351531982
115.451858520508 29.8603820800781
115.471649169922 29.852466583252
115.507270812988 29.8445510864258
115.538932800293 29.8425731658936
115.584442138672 29.8445510864258
115.618087768555 29.852466583252
115.655685424805 29.8544464111328
115.685363769531 29.8445510864258
115.713066101074 29.8267421722412
115.752647399902 29.7911224365234
115.782333374023 29.7752914428711
115.873359680176 29.7357139587402
115.903038024902 29.7317562103271
115.952514648438 29.7357139587402
115.988128662109 29.7436294555664
116.024322509766 29.7567672729492
116.043960571289 29.7682266235352
116.063629150391 29.777229309082
116.113555908203 29.7862358093262
116.14875793457 29.7903251647949
116.188858032227 29.7903251647949
116.260482788086 29.7896633148193
116.268295288086 29.7927875518799
116.279228210449 29.8006000518799
116.301109313965 29.8177871704102
116.330795288086 29.8459129333496
116.343292236328 29.8537254333496
116.383918762207 29.8631019592285
116.472984313965 29.8724765777588
116.501113891602 29.8865394592285
116.524551391602 29.899040222168
116.533920288086 29.9099769592285
116.544860839844 29.9318523406982
116.551109313965 29.9552917480469
116.560485839844 29.9756031036377
116.58080291748 29.9974784851074
116.602676391602 30.0131053924561
116.641738891602 30.0318546295166
116.693305969238 30.0459175109863
116.736656188965 30.0598106384277
116.760833740234 30.0742874145508
116.789108276367 30.0966606140137
116.831497192383 30.141414642334
116.852691650391 30.1720352172852
116.897445678711 30.245044708252
116.912750244141 30.2827262878418
116.911590576172 30.314525604248
116.903335571289 30.3427886962891
116.900970458984 30.361629486084
116.903335571289 30.378116607666
116.911590576172 30.4040222167969
116.920989990234 30.4228630065918
116.972808837891 30.4687957763672
117.010498046875 30.4911689758301
117.029273986816 30.4959545135498
117.041061401367 30.4970817565918
117.088325500488 30.4963207244873
117.159202575684 30.5003604888916
117.182319641113 30.5057373046875
117.203987121582 30.5151100158691
117.211776733398 30.5237731933594
117.22639465332 30.5463981628418
117.23030090332 30.5658988952637
117.22932434082 30.590274810791
117.22737121582 30.6029510498047
117.22151184082 30.6185493469238
117.220550537109 30.6331748962402
117.22541809082 30.6458511352539
117.234191894531 30.6536521911621
117.249786376953 30.6604804992676
117.287811279297 30.6770477294922
117.313171386719 30.6868019104004
117.411651611328 30.7053260803223
117.455535888672 30.7170295715332
117.667114257813 30.7882041931152
117.687576293945 30.7979545593262
117.709732055664 30.8125057220459
117.718299865723 30.8382034301758
117.735427856445 30.9524097442627
117.73828125 30.9952373504639
117.735427856445 31.0352096557617
117.755416870117 31.0923137664795
117.77254486084 31.1180095672607
117.80680847168 31.1322860717773
117.835357666016 31.1322860717773
117.861061096191 31.1180095672607
117.875335693359 31.0980243682861
117.886756896973 31.0866031646729
117.909599304199 31.0780372619629
117.93529510498 31.0808925628662
117.960990905762 31.0894584655762
117.978118896484 31.1065902709961
117.980972290039 31.129430770874
117.980972290039 31.1722583770752
118.000961303711 31.1951007843018
118.018089294434 31.2065200805664
118.14086151123 31.2664794921875
118.189399719238 31.2864665985107
118.306465148926 31.2978858947754
118.323593139648 31.3093070983887
118.329307556152 31.3264389038086
118.326454162598 31.3607006072998
118.320739746094 31.4006729125977
118.317886352539 31.4463558197021
118.323593139648 31.4691963195801
118.337875366211 31.5006046295166
118.37784576416 31.5834045410156
118.403541564941 31.6176662445068
118.414962768555 31.6433639526367
118.423530578613 31.6776256561279
118.423530578613 31.7033214569092
118.432090759277 31.7290191650391
118.472503662109 31.80419921875
118.511489868164 31.8705062866211
118.618759155273 31.9836044311523
118.644104003906 32.0138320922852
118.689926147461 32.0742797851563
118.718200683594 32.1054840087891
118.759155273438 32.1454620361328
118.784515380859 32.1581420898438
118.811813354492 32.1669082641602
118.836181640625 32.1717910766602
118.862518310547 32.1678848266602
118.899566650391 32.1659393310547
118.916137695313 32.1688613891602
119.009750366211 32.2010345458984
119.063087463379 32.2343864440918
119.08878326416 32.2400932312012
119.15731048584 32.2315292358398
119.362884521484 32.2185363769531
119.387100219727 32.2293090820313
119.403930664063 32.2313232421875
119.491363525391 32.2315292358398
119.559036254883 32.2180328369141
119.567192077637 32.2126922607422
119.569206237793 32.2097091674805
119.613105773926 32.1906471252441
